0.000000 0.000000
0.033344 -0.000017
0.066689 -0.000068
0.100033 -0.000148
0.133378 -0.000248
0.166722 -0.000362
0.200067 -0.000479
0.233411 -0.000589
0.266756 -0.000686
0.300100 -0.000763
0.333444 -0.000817
0.366789 -0.000847
0.400133 -0.000855
0.433478 -0.000845
0.466822 -0.000824
0.500167 -0.000798
0.533511 -0.000773
0.566856 -0.000756
0.600200 -0.000750
0.633545 -0.000755
0.666889 -0.000772
0.700233 -0.000794
0.733578 -0.000818
0.766922 -0.000838
0.800267 -0.000849
0.833611 -0.000850
0.866956 -0.000842
0.900300 -0.000832
0.933645 -0.000825
0.966989 -0.000831
1.000333 -0.000855
1.033678 -0.000901
1.067022 -0.000966
1.100367 -0.001042
1.133711 -0.001118
1.167056 -0.001179
1.200400 -0.001214
1.233745 -0.001213
1.267089 -0.001175
1.300433 -0.001108
1.333778 -0.001023
1.367122 -0.000939
1.400467 -0.000874
1.433811 -0.000840
1.467156 -0.000844
1.500500 -0.000879
1.533845 -0.000933
1.567189 -0.000984
1.600534 -0.001012
1.633878 -0.001000
1.667222 -0.000943
1.700567 -0.000847
1.733911 -0.000731
1.767256 -0.000624
1.800600 -0.000557
1.833945 -0.000555
1.867289 -0.000631
1.900634 -0.000782
1.933978 -0.000987
1.967322 -0.001211
2.000667 -0.001412
2.034011 -0.001553
2.067356 -0.001611
2.100700 -0.001581
2.134045 -0.001482
2.167389 -0.001350
2.200734 -0.001234
2.234078 -0.001178
2.267422 -0.001214
2.300767 -0.001354
2.334111 -0.001578
2.367456 -0.001847
2.400800 -0.002106
2.434145 -0.002297
2.467489 -0.002377
2.500834 -0.002330
2.534178 -0.002170
2.567523 -0.001940
2.600867 -0.001704
2.634211 -0.001531
2.667556 -0.001473
2.700900 -0.001556
2.734245 -0.001768
2.767589 -0.002060
2.800934 -0.002356
2.834278 -0.002573
2.867623 -0.002641
2.900967 -0.002524
2.934311 -0.002229
2.967656 -0.001811
3.001000 -0.001361
3.034345 -0.000985
3.067689 -0.000778
3.101034 -0.000801
3.134378 -0.001061
3.167723 -0.001509
3.201067 -0.002047
3.234411 -0.002550
3.267756 -0.002901
3.301100 -0.003012
3.334445 -0.002858
3.367789 -0.002477
3.401134 -0.001967
3.434478 -0.001466
3.467823 -0.001112
3.501167 -0.001012
3.534512 -0.001214
3.567856 -0.001685
3.601200 -0.002323
3.634545 -0.002977
3.667889 -0.003483
3.701234 -0.003707
3.734578 -0.003579
3.767923 -0.003117
3.801267 -0.002425
3.834612 -0.001669
3.867956 -0.001037
3.901300 -0.000695
3.934645 -0.000737
3.967989 -0.001161
4.001334 -0.001865
4.034678 -0.002668
4.068023 -0.003355
4.101367 -0.003731
4.134712 -0.003672
4.168056 -0.003166
4.201400 -0.002317
4.234745 -0.001330
4.268089 -0.000457
4.301434 0.000060
4.334778 0.000055
4.368123 -0.000513
4.401467 -0.001546
4.434812 -0.002823
4.468156 -0.004048
4.501501 -0.004929
4.534845 -0.005244
4.568189 -0.004910
4.601534 -0.004004
4.634878 -0.002755
4.668223 -0.001489
4.701567 -0.000551
4.734912 -0.000213
4.768256 -0.000602
4.801601 -0.001659
4.834945 -0.003145
4.868289 -0.004695
4.901634 -0.005908
4.934978 -0.006452
4.968323 -0.006152
5.001667 -0.005053
5.035012 -0.003411
5.068356 -0.001649
5.101701 -0.000248
5.135045 0.000374
5.168389 -0.000027
5.201734 -0.001447
5.235078 -0.003616
5.268423 -0.006058
5.301767 -0.008205
5.335112 -0.009535
5.368456 -0.009721
5.401801 -0.008723
5.435145 -0.006818
5.468489 -0.004547
5.501834 -0.002584
5.535178 -0.001570
5.568523 -0.001932
5.601867 -0.003765
5.635212 -0.006773
5.668556 -0.010331
5.701901 -0.013628
5.735245 -0.015872
5.768590 -0.016507
5.801934 -0.015383
5.835278 -0.012825
5.868623 -0.009583
5.901967 -0.006660
5.935312 -0.005058
5.968656 -0.005502
6.002001 -0.008220
6.035345 -0.012831
6.068690 -0.018385
6.102034 -0.023551
6.135378 -0.026886
6.168723 -0.027118
6.202067 -0.023308
6.235412 -0.014823
6.268756 -0.001033
6.302101 0.019242
6.335445 0.048471
6.368790 0.091164
6.402134 0.154457
6.435478 0.248293
6.468823 0.385040
6.502167 0.578425
6.535512 0.841834
6.568856 1.186119
6.602201 1.617190
6.635545 2.133791
6.668890 2.725848
6.702234 3.373752
6.735579 4.048858
6.768923 4.715256
6.802267 5.332728
6.835612 5.860559
6.868956 6.261746
6.902301 6.507038
6.935645 6.578239
6.968990 6.470305
7.002334 6.191923
7.035679 5.764483
7.069023 5.219603
7.102367 4.595546
7.135712 3.933068
7.169056 3.271253
7.202401 2.643897
7.235745 2.076883
7.269090 1.586794
7.302434 1.180829
7.335779 0.857876
7.369123 0.610431
7.402467 0.426956
7.435812 0.294285
7.469156 0.199677
7.502501 0.132302
7.535845 0.084015
7.569190 0.049480
7.602534 0.025749
7.635879 0.011545
7.669223 0.006445
7.702568 0.010185
7.735912 0.022200
7.769256 0.041438
7.802601 0.066440
7.835945 0.095561
7.869290 0.127246
7.902634 0.160236
7.935979 0.193645
7.969323 0.226883
8.002668 0.259465
8.036012 0.290775
8.069356 0.319862
8.102701 0.345358
8.136045 0.365544
8.169390 0.378573
8.202734 0.382800
8.236079 0.377134
8.269423 0.361344
8.302768 0.336212
8.336112 0.303511
8.369456 0.265790
8.402801 0.226015
8.436145 0.187139
8.469490 0.151693
8.502834 0.121487
8.536179 0.097482
8.569523 0.079851
8.602868 0.068212
8.636212 0.061966
8.669557 0.060670
8.702901 0.064332
8.736245 0.073595
8.769590 0.089741
8.802934 0.114532
8.836279 0.149922
8.869623 0.197703
8.902968 0.259160
8.936312 0.334797
8.969657 0.424183
9.003001 0.525932
9.036345 0.637791
9.069690 0.756820
9.103034 0.879592
9.136379 1.002392
9.169723 1.121364
9.203068 1.232627
9.236412 1.332349
9.269757 1.416824
9.303101 1.482585
9.336445 1.526564
9.369790 1.546312
9.403134 1.540263
9.436479 1.507989
9.469823 1.450396
9.503168 1.369824
9.536512 1.269989
9.569857 1.155773
9.603201 1.032879
9.636546 0.907399
9.669890 0.785356
9.703234 0.672307
9.736579 0.573059
9.769923 0.491530
9.803268 0.430766
9.836612 0.393060
9.869957 0.380142
9.903301 0.393335
9.936646 0.433636
9.969990 0.501667
10.003334 0.597504
10.036679 0.720394
10.070023 0.868449
10.103368 1.038390
10.136712 1.225418
10.170057 1.423297
10.203401 1.624654
10.236746 1.821493
10.270090 2.005868
10.303434 2.170605
10.336779 2.309978
10.370123 2.420230
10.403468 2.499855
10.436812 2.549608
10.470157 2.572242
10.503501 2.572014
10.536846 2.554055
10.570190 2.523689
10.603535 2.485802
10.636879 2.444336
10.670223 2.401967
10.703568 2.359977
10.736912 2.318319
10.770257 2.275831
10.803601 2.230560
10.836946 2.180152
10.870290 2.122246
10.903635 2.054857
10.936979 1.976697
10.970323 1.887440
11.003668 1.787879
11.037012 1.679993
11.070357 1.566880
11.103701 1.452570
11.137046 1.341718
11.170390 1.239182
11.203735 1.149553
11.237079 1.076674
11.270423 1.023227
11.303768 0.990460
11.337112 0.978101
11.370457 0.984491
11.403801 1.006931
11.437146 1.042179
11.470490 1.087017
11.503835 1.138784
11.537179 1.195749
11.570524 1.257262
11.603868 1.323611
11.637212 1.395625
11.670557 1.474070
11.703901 1.558970
11.737246 1.648990
11.770590 1.741037
11.803935 1.830170
11.837279 1.909898
11.870624 1.972835
11.903968 2.011627
11.937312 2.020010
11.970657 1.993809
12.004001 1.931708
12.037346 1.835644
12.070690 1.710752
12.104035 1.564848
12.137379 1.407553
12.170724 1.249184
12.204068 1.099612
12.237412 0.967258
12.270757 0.858393
12.304101 0.776831
12.337446 0.724024
12.370790 0.699502
12.404135 0.701545
12.437479 0.727911
12.470824 0.776486
12.504168 0.845699
12.537513 0.934655
12.570857 1.042960
12.604201 1.170292
12.637546 1.315846
12.670890 1.477766
12.704235 1.652710
12.737579 1.835655
12.770924 2.019991
12.804268 2.197921
12.837613 2.361104
12.870957 2.501453
12.904301 2.611960
12.937646 2.687442
12.970990 2.725099
13.004335 2.724804
13.037679 2.689123
13.071024 2.623054
13.104368 2.533538
13.137713 2.428818
13.171057 2.317702
13.204401 2.208835
13.237746 2.110015
13.271090 2.027627
13.304435 1.966230
13.337779 1.928303
13.371124 1.914186
13.404468 1.922200
13.437813 1.948929
13.471157 1.989661
13.504502 2.038919
13.537846 2.091059
13.571190 2.140846
13.604535 2.183961
13.637879 2.217364
13.671224 2.239463
13.704568 2.250077
13.737913 2.250183
13.771257 2.241512
13.804602 2.226042
13.837946 2.205494
13.871290 2.180919
13.904635 2.152457
13.937979 2.119318
13.971324 2.079994
14.004668 2.032657
14.038013 1.975680
14.071357 1.908158
14.104702 1.830337
14.138046 1.743837
14.171390 1.651629
14.204735 1.557738
14.238079 1.466738
14.271424 1.383117
14.304768 1.310648
14.338113 1.251899
14.371457 1.207991
14.404802 1.178675
14.438146 1.162733
14.471490 1.158647
14.504835 1.165404
14.538179 1.183278
14.571524 1.214413
14.604868 1.263062
14.638213 1.335370
14.671557 1.438685
14.704902 1.580472
14.738246 1.766960
14.771591 2.001751
14.804935 2.284613
14.838279 2.610693
14.871624 2.970321
14.904968 3.349488
14.938313 3.730978
14.971657 4.096033
15.005002 4.426323
15.038346 4.705943
15.071691 4.923151
15.105035 5.071575
15.138379 5.150717
15.171724 5.165680
15.205068 5.126156
15.238413 5.044858
15.271757 4.935636
15.305102 4.811581
15.338446 4.683411
15.371791 4.558377
15.405135 4.439839
15.438479 4.327529
15.471824 4.218417
15.505168 4.107984
15.538513 3.991638
15.571857 3.866010
15.605202 3.729885
15.638546 3.584606
15.671891 3.433909
15.705235 3.283227
15.738580 3.138639
15.771924 3.005665
15.805268 2.888175
15.838613 2.787606
15.871957 2.702653
15.905302 2.629487
15.938646 2.562446
15.971991 2.495084
16.005335 2.421357
16.038680 2.336750
16.072024 2.239135
16.105368 2.129234
16.138713 2.010631
16.172057 1.889353
16.205402 1.773140
16.238746 1.670543
16.272091 1.590021
16.305435 1.539175
16.338780 1.524207
16.372124 1.549632
16.405468 1.618198
16.438813 1.730948
16.472157 1.887304
16.505502 2.085094
16.538846 2.320471
16.572191 2.587731
16.605535 2.879087
16.638880 3.184509
16.672224 3.491751
16.705569 3.786676
16.738913 4.053941
16.772257 4.278039
16.805602 4.444624
16.838946 4.541959
16.872291 4.562314
16.905635 4.503082
16.938980 4.367462
16.972324 4.164554
17.005669 3.908846
17.039013 3.619125
17.072357 3.316932
17.105702 3.024753
17.139046 2.764141
17.172391 2.553974
17.205735 2.409023
17.239080 2.338926
17.272424 2.347643
17.305769 2.433365
17.339113 2.588853
17.372457 2.802128
17.405802 3.057432
17.439146 3.336396
17.472491 3.619345
17.505835 3.886677
17.539180 4.120248
17.572524 4.304696
17.605869 4.428597
17.639213 4.485353
17.672558 4.473703
17.705902 4.397763
17.739246 4.266546
17.772591 4.092978
17.805935 3.892473
17.839280 3.681242
17.872624 3.474531
17.905969 3.285017
17.939313 3.121610
17.972658 2.988800
18.006002 2.886671
18.039346 2.811540
18.072691 2.757117
18.106035 2.715975
18.139380 2.681063
18.172724 2.647023
18.206069 2.611066
18.239413 2.573297
18.272758 2.536441
18.306102 2.505070
18.339446 2.484489
18.372791 2.479521
18.406135 2.493421
18.439480 2.527122
18.472824 2.578945
18.506169 2.644798
18.539513 2.718801
18.572858 2.794196
18.606202 2.864349
18.639547 2.923667
18.672891 2.968246
18.706235 2.996195
18.739580 3.007581
18.772924 3.004087
18.806269 2.988483
18.839613 2.964046
18.872958 2.934065
18.906302 2.901529
18.939647 2.869019
18.972991 2.838795
19.006335 2.812999
19.039680 2.793879
19.073024 2.783918
19.106369 2.785812
19.139713 2.802238
19.173058 2.835460
19.206402 2.886818
19.239747 2.956213
19.273091 3.041703
19.306435 3.139298
19.339780 3.243026
19.373124 3.345290
19.406469 3.437467
19.439813 3.510696
19.473158 3.556721
19.506502 3.568712
19.539847 3.541924
19.573191 3.474155
19.606536 3.365930
19.639880 3.220431
19.673224 3.043180
19.706569 2.841537
19.739913 2.624068
19.773258 2.399858
19.806602 2.177812
19.839947 1.966028
19.873291 1.771263
19.906636 1.598555
19.939980 1.451010
19.973324 1.329791
20.006669 1.234295
20.040013 1.162511
20.073358 1.111504
20.106702 1.077976
20.140047 1.058815
20.173391 1.051555
20.206736 1.054654
20.240080 1.067564
20.273424 1.090556
20.306769 1.124337
20.340113 1.169534
20.373458 1.226145
20.406802 1.293074
20.440147 1.367863
20.473491 1.446687
20.506836 1.524645
20.540180 1.596303
20.573525 1.656401
20.606869 1.700600
20.640213 1.726113
20.673558 1.732114
20.706902 1.719826
20.740247 1.692285
20.773591 1.653828
20.806936 1.609413
20.840280 1.563926
20.873625 1.521619
20.906969 1.485807
20.940313 1.458876
20.973658 1.442601
21.007002 1.438664
21.040347 1.449252
21.073691 1.477529
21.107036 1.527848
21.140380 1.605571
21.173725 1.716468
21.207069 1.865763
21.240413 2.056956
21.273758 2.290644
21.307102 2.563558
21.340447 2.868037
21.373791 3.192071
21.407136 3.519986
21.440480 3.833695
21.473825 4.114377
21.507169 4.344345
21.540514 4.508848
21.573858 4.597552
21.607202 4.605498
21.640547 4.533426
21.673891 4.387449
21.707236 4.178156
21.740580 3.919308
21.773925 3.626322
21.807269 3.314772
21.840614 2.999075
21.873958 2.691519
21.907302 2.401686
21.940647 2.136290
21.973991 1.899361
22.007336 1.692694
22.040680 1.516447
22.074025 1.369783
22.107369 1.251469
22.140714 1.160354
22.174058 1.095700
22.207402 1.057346
22.240747 1.045702
22.274091 1.061596
22.307436 1.105991
22.340780 1.179619
22.374125 1.282551
22.407469 1.413766
22.440814 1.570786
22.474158 1.749408
22.507503 1.943623
22.540847 2.145739
22.574191 2.346738
22.607536 2.536849
22.640880 2.706287
22.674225 2.846079
22.707569 2.948861
22.740914 3.009559
22.774258 3.025833
22.807603 2.998238
22.840947 2.930072
22.874291 2.826937
22.907636 2.696097
22.940980 2.545712
22.974325 2.384092
23.007669 2.219058
23.041014 2.057483
23.074358 1.905066
23.107703 1.766307
23.141047 1.644641
23.174391 1.542663
23.207736 1.462333
23.241080 1.405123
23.274425 1.372041
23.307769 1.363534
23.341114 1.379309
23.374458 1.418128
23.407803 1.477650
23.441147 1.554386
23.474491 1.643822
23.507836 1.740703
23.541180 1.839458
23.574525 1.934709
23.607869 2.021777
23.641214 2.097091
23.674558 2.158455
23.707903 2.205098
23.741247 2.237532
23.774592 2.257229
23.807936 2.266189
23.841280 2.266483
23.874625 2.259842
23.907969 2.247365
23.941314 2.229399
23.974658 2.205580
24.008003 2.175043
24.041347 2.136734
24.074692 2.089772
24.108036 2.033803
24.141380 1.969271
24.174725 1.897577
24.208069 1.821097
24.241414 1.743047
24.274758 1.667226
24.308103 1.597650
24.341447 1.538137
24.374792 1.491875
24.408136 1.461034
24.441480 1.446471
24.474825 1.447555
24.508169 1.462160
24.541514 1.486832
24.574858 1.517118
24.608203 1.548044
24.641547 1.574675
24.674892 1.592703
24.708236 1.598975
24.741581 1.591892
24.774925 1.571605
24.808269 1.539973
24.841614 1.500287
24.874958 1.456789
24.908303 1.414046
24.941647 1.376306
24.974992 1.346901
25.008336 1.327826
25.041681 1.319546
25.075025 1.321048
25.108369 1.330146
25.141714 1.343941
25.175058 1.359371
25.208403 1.373723
25.241747 1.385020
25.275092 1.392222
25.308436 1.395204
25.341781 1.394541
25.375125 1.391170
25.408469 1.386014
25.441814 1.379662
25.475158 1.372189
25.508503 1.363165
25.541847 1.351832
25.575192 1.337428
25.608536 1.319553
25.641881 1.298496
25.675225 1.275420
25.708570 1.252356
25.741914 1.231972
25.775258 1.217163
25.808603 1.210523
25.841947 1.213821
25.875292 1.227570
25.908636 1.250793
25.941981 1.281049
25.975325 1.314704
26.008670 1.347418
26.042014 1.374753
26.075358 1.392800
26.108703 1.398694
26.142047 1.390958
26.175392 1.369601
26.208736 1.335982
26.242081 1.292488
26.275425 1.242093
26.308770 1.187896
26.342114 1.132739
26.375458 1.078944
26.408803 1.028220
26.442147 0.981716
26.475492 0.940181
26.508836 0.904167
26.542181 0.874202
26.575525 0.850896
26.608870 0.834927
26.642214 0.826937
26.675559 0.827354
26.708903 0.836191
26.742247 0.852891
26.775592 0.876251
26.808936 0.904456
26.842281 0.935234
26.875625 0.966090
26.908970 0.994587
26.942314 1.018610
26.975659 1.036587
27.009003 1.047610
27.042347 1.051463
27.075692 1.048569
27.109036 1.039876
27.142381 1.026728
27.175725 1.010742
27.209070 0.993730
27.242414 0.977644
27.275759 0.964551
27.309103 0.956597
27.342447 0.955930
27.375792 0.964569
27.409136 0.984205
27.442481 1.015948
27.475825 1.060063
27.509170 1.115746
27.542514 1.180987
27.575859 1.252578
27.609203 1.326276
27.642548 1.397136
27.675892 1.459964
27.709236 1.509837
27.742581 1.542624
27.775925 1.555416
27.809270 1.546816
27.842614 1.517034
27.875959 1.467804
27.909303 1.402112
27.942648 1.323819
27.975992 1.237218
28.009336 1.146609
28.042681 1.055935
28.076025 0.968540
28.109370 0.887031
28.142714 0.813274
28.176059 0.748464
28.209403 0.693249
28.242748 0.647871
28.276092 0.612287
28.309436 0.586246
28.342781 0.569342
28.376125 0.561017
28.409470 0.560556
28.442814 0.567078
28.476159 0.579545
28.509503 0.596795
28.542848 0.617592
28.576192 0.640710
28.609537 0.665015
28.642881 0.689551
28.676225 0.713612
28.709570 0.736799
28.742914 0.759047
28.776259 0.780627
28.809603 0.802121
28.842948 0.824359
28.876292 0.848332
28.909637 0.875064
28.942981 0.905463
28.976325 0.940149
29.009670 0.979282
29.043014 1.022414
29.076359 1.068394
29.109703 1.115345
29.143048 1.160741
29.176392 1.201592
29.209737 1.234716
29.243081 1.257085
29.276425 1.266188
29.309770 1.260369
29.343114 1.239071
29.376459 1.202969
29.409803 1.153937
29.443148 1.094867
29.476492 1.029367
29.509837 0.961372
29.543181 0.894738
29.576526 0.832878
29.609870 0.778489
29.643214 0.733399
29.676559 0.698555
29.709903 0.674109
29.743248 0.659593
29.776592 0.654117
29.809937 0.656547
29.843281 0.665641
29.876626 0.680114
29.909970 0.698650
29.943314 0.719867
29.976659 0.742293
30.010003 0.764358
30.043348 0.784448
30.076692 0.801009
30.110037 0.812701
30.143381 0.818559
30.176726 0.818132
30.210070 0.811555
30.243414 0.799534
30.276759 0.783222
30.310103 0.764028
30.343448 0.743367
30.376792 0.722425
30.410137 0.701974
30.443481 0.682293
30.476826 0.663203
30.510170 0.644219
30.543515 0.624784
30.576859 0.604534
30.610203 0.583530
30.643548 0.562403
30.676892 0.542369
30.710237 0.525112
30.743581 0.512536
30.776926 0.506445
30.810270 0.508201
30.843615 0.518438
30.876959 0.536880
30.910303 0.562300
30.943648 0.592631
30.976992 0.625210
31.010337 0.657105
31.043681 0.685466
31.077026 0.707854
31.110370 0.722483
31.143715 0.728360
31.177059 0.725308
31.210403 0.713900
31.243748 0.695314
31.277092 0.671170
31.310437 0.643364
31.343781 0.613929
31.377126 0.584930
31.410470 0.558384
31.443815 0.536191
31.477159 0.520063
31.510504 0.511436
31.543848 0.511364
31.577192 0.520409
31.610537 0.538548
31.643881 0.565121
31.677226 0.598851
31.710570 0.637937
31.743915 0.680226
31.777259 0.723437
31.810604 0.765411
31.843948 0.804329
31.877292 0.838873
31.910637 0.868294
31.943981 0.892377
31.977326 0.911313
32.010670 0.925512
32.044015 0.935398
32.077359 0.941232
32.110704 0.943005
32.144048 0.940421
32.177392 0.932975
32.210737 0.920104
32.244081 0.901364
32.277426 0.876616
32.310770 0.846138
32.344115 0.810671
32.377459 0.771365
32.410804 0.729642
32.444148 0.687009
32.477492 0.644857
32.510837 0.604297
32.544181 0.566056
32.577526 0.530461
32.610870 0.497502
32.644215 0.466965
32.677559 0.438585
32.710904 0.412198
32.744248 0.387839
32.777593 0.365783
32.810937 0.346507
32.844281 0.330598
32.877626 0.318620
32.910970 0.310990
32.944315 0.307872
32.977659 0.309133
33.011004 0.314357
33.044348 0.322908
33.077693 0.334035
33.111037 0.346980
33.144381 0.361075
33.177726 0.375798
33.211070 0.390784
33.244415 0.405796
33.277759 0.420669
33.311104 0.435241
33.344448 0.449301
33.377793 0.462566
33.411137 0.474677
33.444481 0.485241
33.477826 0.493871
33.511170 0.500243
33.544515 0.504128
33.577859 0.505410
33.611204 0.504082
33.644548 0.500228
33.677893 0.494012
33.711237 0.485676
33.744582 0.475562
33.777926 0.464154
33.811270 0.452134
33.844615 0.440413
33.877959 0.430146
33.911304 0.422672
33.944648 0.419397
33.977993 0.421623
34.011337 0.430322
34.044682 0.445926
34.078026 0.468154
34.111370 0.495923
34.144715 0.527383
34.178059 0.560077
34.211404 0.591210
34.244748 0.617998
34.278093 0.638027
34.311437 0.649572
34.344782 0.651807
34.378126 0.644877
34.411470 0.629819
34.444815 0.608334
34.478159 0.582489
34.511504 0.554370
34.544848 0.525779
34.578193 0.498028
34.611537 0.471845
34.644882 0.447423
34.678226 0.424572
34.711571 0.402936
34.744915 0.382212
34.778259 0.362330
34.811604 0.343533
34.844948 0.326358
34.878293 0.311518
34.911637 0.299728
34.944982 0.291513
34.978326 0.287054
35.011671 0.286121
35.045015 0.288099
35.078359 0.292120
35.111704 0.297254
35.145048 0.302734
35.178393 0.308145
35.211737 0.313544
35.245082 0.319470
35.278426 0.326843
35.311771 0.336781
35.345115 0.350349
35.378459 0.368317
35.411804 0.390958
35.445148 0.417940
35.478493 0.448320
35.511837 0.480633
35.545182 0.513078
35.578526 0.543723
35.611871 0.570732
35.645215 0.592533
35.678560 0.607943
35.711904 0.616210
35.745248 0.617015
35.778593 0.610419
35.811937 0.596812
35.845282 0.576870
35.878626 0.551524
35.911971 0.521954
35.945315 0.489585
35.978660 0.456066
36.012004 0.423202
36.045348 0.392850
36.078693 0.366757
36.112037 0.346372
36.145382 0.332661
36.178726 0.325960
36.212071 0.325900
36.245415 0.331442
36.278760 0.341002
36.312104 0.352676
36.345448 0.364509
36.378793 0.374774
36.412137 0.382197
36.445482 0.386099
36.478826 0.386426
36.512171 0.383657
36.545515 0.378636
36.578860 0.372343
36.612204 0.365679
36.645549 0.359290
36.678893 0.353484
36.712237 0.348235
36.745582 0.343276
36.778926 0.338244
36.812271 0.332839
36.845615 0.326949
36.878960 0.320703
36.912304 0.314457
36.945649 0.308699
36.978993 0.303902
37.012337 0.300387
37.045682 0.298209
37.079026 0.297121
37.112371 0.296627
37.145715 0.296111
37.179060 0.295028
37.212404 0.293092
37.245749 0.290434
37.279093 0.287675
37.312437 0.285882
37.345782 0.286426
37.379126 0.290739
37.412471 0.300039
37.445815 0.315056
37.479160 0.335838
37.512504 0.361660
37.545849 0.391062
37.579193 0.422016
37.612538 0.452190
37.645882 0.479249
37.679226 0.501161
37.712571 0.516426
37.745915 0.524223
37.779260 0.524432
37.812604 0.517562
37.845949 0.504594
37.879293 0.486787
37.912638 0.465490
37.945982 0.441989
37.979326 0.417408
38.012671 0.392680
38.046015 0.368559
38.079360 0.345667
38.112704 0.324542
38.146049 0.305662
38.179393 0.289450
38.212738 0.276239
38.246082 0.266223
38.279426 0.259409
38.312771 0.255585
38.346115 0.254321
38.379460 0.255012
38.412804 0.256948
38.446149 0.259409
38.479493 0.261754
38.512838 0.263487
38.546182 0.264296
38.579527 0.264044
38.612871 0.262737
38.646215 0.260464
38.679560 0.257348
38.712904 0.253510
38.746249 0.249060
38.779593 0.244121
38.812938 0.238871
38.846282 0.233586
38.879627 0.228661
38.912971 0.224595
38.946315 0.221938
38.979660 0.221186
39.013004 0.222664
39.046349 0.226411
39.079693 0.232100
39.113038 0.239023
39.146382 0.246144
39.179727 0.252240
39.213071 0.256086
39.246415 0.256663
39.279760 0.253351
39.313104 0.246057
39.346449 0.235256
39.379793 0.221930
39.413138 0.207413
39.446482 0.193174
39.479827 0.180577
39.513171 0.170666
39.546516 0.164014
39.579860 0.160669
39.613204 0.160202
39.646549 0.161845
39.679893 0.164679
39.713238 0.167856
39.746582 0.170774
39.779927 0.173205
39.813271 0.175336
39.846616 0.177724
39.879960 0.181179
39.913304 0.186611
39.946649 0.194860
39.979993 0.206555
40.013338 0.222009
40.046682 0.241173
40.080027 0.263642
40.113371 0.288699
40.146716 0.315381
40.180060 0.342555
40.213404 0.368985
40.246749 0.393392
40.280093 0.414516
40.313438 0.431173
40.346782 0.442330
40.380127 0.447193
40.413471 0.445299
40.446816 0.436607
40.480160 0.421557
40.513505 0.401080
40.546849 0.376551
40.580193 0.349665
40.613538 0.322257
40.646882 0.296081
40.680227 0.272602
40.713571 0.252811
40.746916 0.237132
40.780260 0.225411
40.813605 0.217022
40.846949 0.211041
40.880293 0.206477
40.913638 0.202501
40.946982 0.198634
40.980327 0.194835
41.013671 0.191503
41.047016 0.189362
41.080360 0.189276
41.113705 0.192025
41.147049 0.198105
41.180393 0.207577
41.213738 0.220020
41.247082 0.234587
41.280427 0.250149
41.313771 0.265499
41.347116 0.279567
41.380460 0.291600
41.413805 0.301265
41.447149 0.308659
41.480493 0.314224
41.513838 0.318594
41.547182 0.322409
41.580527 0.326144
41.613871 0.329997
41.647216 0.333851
41.680560 0.337320
41.713905 0.339873
41.747249 0.340982
41.780594 0.340282
41.813938 0.337671
41.847282 0.333358
41.880627 0.327819
41.913971 0.321694
41.947316 0.315634
41.980660 0.310157
42.014005 0.305525
42.047349 0.301695
42.080694 0.298343
42.114038 0.294954
42.147382 0.290965
42.180727 0.285915
42.214071 0.279572
42.247416 0.272002
42.280760 0.263568
42.314105 0.254861
42.347449 0.246574
42.380794 0.239361
42.414138 0.233707
42.447482 0.229844
42.480827 0.227728
42.514171 0.227082
42.547516 0.227484
42.580860 0.228485
42.614205 0.229712
42.647549 0.230937
42.680894 0.232095
42.714238 0.233243
42.747583 0.234486
42.780927 0.235876
42.814271 0.237341
42.847616 0.238634
42.880960 0.239356
42.914305 0.239026
42.947649 0.237186
42.980994 0.233522
43.014338 0.227967
43.047683 0.220749
43.081027 0.212373
43.114371 0.203539
43.147716 0.195013
43.181060 0.187474
43.214405 0.181384
43.247749 0.176909
43.281094 0.173913
43.314438 0.172031
43.347783 0.170803
43.381127 0.169836
43.414471 0.168953
43.447816 0.168297
43.481160 0.168345
43.514505 0.169833
43.547849 0.173605
43.581194 0.180406
43.614538 0.190679
43.647883 0.204400
43.681227 0.220998
43.714572 0.239383
43.747916 0.258075
43.781260 0.275423
43.814605 0.289854
43.847949 0.300117
43.881294 0.305477
43.914638 0.305799
43.947983 0.301549
43.981327 0.293671
44.014672 0.283416
44.048016 0.272126
44.081360 0.261039
44.114705 0.251143
44.148049 0.243098
44.181394 0.237238
44.214738 0.233628
44.248083 0.232152
44.281427 0.232606
44.314772 0.234751
44.348116 0.238345
44.381460 0.243108
44.414805 0.248679
44.448149 0.254563
44.481494 0.260107
44.514838 0.264511
44.548183 0.266915
44.581527 0.266507
44.614872 0.262677
44.648216 0.255145
44.681561 0.244060
44.714905 0.230012
44.748249 0.213982
44.781594 0.197196
44.814938 0.180942
44.848283 0.166370
44.881627 0.154322
44.914972 0.145223
44.948316 0.139067
44.981661 0.135490
45.015005 0.133911
45.048349 0.133711
45.081694 0.134409
45.115038 0.135782
45.148383 0.137913
45.181727 0.141150
45.215072 0.145989
45.248416 0.152912
45.281761 0.162222
45.315105 0.173908
45.348449 0.187588
45.381794 0.202535
45.415138 0.217782
45.448483 0.232284
45.481827 0.245098
45.515172 0.255538
45.548516 0.263269
45.581861 0.268319
45.615205 0.271014
45.648550 0.271846
45.681894 0.271313
45.715238 0.269781
45.748583 0.267386
45.781927 0.264015
45.815272 0.259365
45.848616 0.253065
45.881961 0.244827
45.915305 0.234589
45.948650 0.222613
45.981994 0.209500
46.015338 0.196136
46.048683 0.183549
46.082027 0.172741
46.115372 0.164501
46.148716 0.159274
46.182061 0.157083
46.215405 0.157551
46.248750 0.159994
46.282094 0.163575
46.315438 0.167479
46.348783 0.171065
46.382127 0.173964
46.415472 0.176110
46.448816 0.177687
46.482161 0.179021
46.515505 0.180452
46.548850 0.182200
46.582194 0.184290
46.615539 0.186528
46.648883 0.188550
46.682227 0.189915
46.715572 0.190231
46.748916 0.189270
46.782261 0.187036
46.815605 0.183777
46.848950 0.179934
46.882294 0.176029
46.915639 0.172537
46.948983 0.169764
46.982327 0.167760
47.015672 0.166307
47.049016 0.164965
47.082361 0.163185
47.115705 0.160449
47.149050 0.156407
47.182394 0.150975
47.215739 0.144376
47.249083 0.137100
47.282427 0.129804
47.315772 0.123174
47.349116 0.117779
47.382461 0.113957
47.415805 0.111757
47.449150 0.110958
47.482494 0.111148
47.515839 0.111853
47.549183 0.112672
47.582528 0.113392
47.615872 0.114044
47.649216 0.114887
47.682561 0.116330
47.715905 0.118796
47.749250 0.122583
47.782594 0.127733
47.815939 0.133977
47.849283 0.140738
47.882628 0.147224
47.915972 0.152575
47.949316 0.156043
47.982661 0.157148
48.016005 0.155799
48.049350 0.152318
48.082694 0.147394
48.116039 0.141953
48.149383 0.136980
48.182728 0.133342
48.216072 0.131631
48.249416 0.132080
48.282761 0.134548
48.316105 0.138593
48.349450 0.143589
48.382794 0.148870
48.416139 0.153861
48.449483 0.158167
48.482828 0.161599
48.516172 0.164143
48.549517 0.165880
48.582861 0.166894
48.616205 0.167190
48.649550 0.166657
48.682894 0.165079
48.716239 0.162206
48.749583 0.157856
48.782928 0.152022
48.816272 0.144957
48.849617 0.137198
48.882961 0.129531
48.916305 0.122877
48.949650 0.118146
48.982994 0.116068
49.016339 0.117045
49.049683 0.121070
49.083028 0.127719
49.116372 0.136221
49.149717 0.145601
49.183061 0.154852
49.216405 0.163105
49.249750 0.169756
49.283094 0.174526
49.316439 0.177445
49.349783 0.178759
49.383128 0.178808
49.416472 0.177889
49.449817 0.176153
49.483161 0.173566
49.516506 0.169930
49.549850 0.164979
49.583194 0.158501
49.616539 0.150476
49.649883 0.141163
49.683228 0.131131
49.716572 0.121211
49.749917 0.112363
49.783261 0.105511
49.816606 0.101356
49.849950 0.100229
49.883294 0.102010
49.916639 0.106145
49.949983 0.111747
49.983328 0.117773
50.016672 0.123233
50.050017 0.127380
50.083361 0.129849
50.116706 0.130711
50.150050 0.130426
50.183394 0.129717
50.216739 0.129389
50.250083 0.130144
50.283428 0.132427
50.316772 0.136347
50.350117 0.141683
50.383461 0.147971
50.416806 0.154648
50.450150 0.161219
50.483494 0.167390
50.516839 0.173154
50.550183 0.178784
50.583528 0.184753
50.616872 0.191592
50.650217 0.199725
50.683561 0.209318
50.716906 0.220185
50.750250 0.231776
50.783595 0.243248
50.816939 0.253600
50.850283 0.261854
50.883628 0.267231
50.916972 0.269279
50.950317 0.267934
50.983661 0.263502
51.017006 0.256562
51.050350 0.247827
51.083695 0.237984
51.117039 0.227573
51.150383 0.216913
51.183728 0.206095
51.217072 0.195051
51.250417 0.183654
51.283761 0.171842
51.317106 0.159709
51.350450 0.147557
51.383795 0.135874
51.417139 0.125258
51.450483 0.116300
51.483828 0.109449
51.517172 0.104912
51.550517 0.102597
51.583861 0.102126
51.617206 0.102915
51.650550 0.104297
51.683895 0.105668
51.717239 0.106603
51.750584 0.106934
51.783928 0.106760
51.817272 0.106386
51.850617 0.106219
51.883961 0.106635
51.917306 0.107871
51.950650 0.109956
51.983995 0.112703
52.017339 0.115770
52.050684 0.118777
52.084028 0.121430
52.117372 0.123638
52.150717 0.125575
52.184061 0.127677
52.217406 0.130556
52.250750 0.134858
52.284095 0.141097
52.317439 0.149492
52.350784 0.159871
52.384128 0.171637
52.417472 0.183843
52.450817 0.195336
52.484161 0.204957
52.517506 0.211747
52.550850 0.215120
52.584195 0.214957
52.617539 0.211612
52.650884 0.205822
52.684228 0.198548
52.717573 0.190776
52.750917 0.183337
52.784261 0.176774
52.817606 0.171282
52.850950 0.166741
52.884295 0.162820
52.917639 0.159116
52.950984 0.155305
52.984328 0.151260
53.017673 0.147091
53.051017 0.143131
53.084361 0.139837
53.117706 0.137665
53.151050 0.136930
53.184395 0.137705
53.217739 0.139774
53.251084 0.142665
53.284428 0.145749
53.317773 0.148379
53.351117 0.150044
53.384461 0.150495
53.417806 0.149804
53.451150 0.148359
53.484495 0.146771
53.517839 0.145735
53.551184 0.145867
53.584528 0.147556
53.617873 0.150870
53.651217 0.155528
53.684562 0.160958
53.717906 0.166411
53.751250 0.171107
53.784595 0.174389
53.817939 0.175832
53.851284 0.175298
53.884628 0.172920
53.917973 0.169028
53.951317 0.164038
53.984662 0.158339
54.018006 0.152202
54.051350 0.145741
54.084695 0.138931
54.118039 0.131676
54.151384 0.123911
54.184728 0.115694
54.218073 0.107281
54.251417 0.099134
54.284762 0.091882
54.318106 0.086220
54.351450 0.082776
54.384795 0.081983
54.418139 0.083977
54.451484 0.088553
54.484828 0.095191
54.518173 0.103144
54.551517 0.111568
54.584862 0.119667
54.618206 0.126823
54.651551 0.132667
54.684895 0.137098
54.718239 0.140235
54.751584 0.142321
54.784928 0.143613
54.818273 0.144279
54.851617 0.144340
54.884962 0.143667
54.918306 0.142029
54.951651 0.139191
54.984995 0.135024
55.018339 0.129592
55.051684 0.123203
55.085028 0.116393
55.118373 0.109847
55.151717 0.104277
55.185062 0.100274
55.218406 0.098184
55.251751 0.098025
55.285095 0.099479
55.318439 0.101953
55.351784 0.104706
55.385128 0.107005
55.418473 0.108283
55.451817 0.108251
55.485162 0.106951
55.518506 0.104729
55.551851 0.102130
55.585195 0.099766
55.618540 0.098150
55.651884 0.097580
55.685228 0.098063
55.718573 0.099326
55.751917 0.100893
55.785262 0.102214
55.818606 0.102824
55.851951 0.102468
55.885295 0.101191
55.918640 0.099349
55.951984 0.097546
55.985328 0.096513
56.018673 0.096954
56.052017 0.099398
56.085362 0.104090
56.118706 0.110943
56.152051 0.119563
56.185395 0.129338
56.218740 0.139560
56.252084 0.149556
56.285428 0.158794
56.318773 0.166942
56.352117 0.173862
56.385462 0.179557
56.418806 0.184088
56.452151 0.187481
56.485495 0.189669
56.518840 0.190475
56.552184 0.189651
56.585529 0.186965
56.618873 0.182307
56.652217 0.175788
56.685562 0.167800
56.718906 0.159011
56.752251 0.150291
56.785595 0.142576
56.818940 0.136698
56.852284 0.133219
56.885629 0.132305
56.918973 0.133676
56.952317 0.136642
56.985662 0.140223
57.019006 0.143336
57.052351 0.145001
57.085695 0.144528
57.119040 0.141646
57.152384 0.136540
57.185729 0.129802
57.219073 0.122296
57.252417 0.114979
57.285762 0.108708
57.319106 0.104086
57.352451 0.101371
57.385795 0.100468
57.419140 0.100997
57.452484 0.102418
57.485829 0.104177
57.519173 0.105835
57.552518 0.107161
57.585862 0.108143
57.619206 0.108953
57.652551 0.109851
57.685895 0.111074
57.719240 0.112734
57.752584 0.114761
57.785929 0.116898
57.819273 0.118756
57.852618 0.119911
57.885962 0.120016
57.919306 0.118906
57.952651 0.116649
57.985995 0.113543
58.019340 0.110061
58.052684 0.106737
58.086029 0.104044
58.119373 0.102283
58.152718 0.101514
58.186062 0.101551
58.219406 0.102014
58.252751 0.102439
58.286095 0.102405
58.319440 0.101657
58.352784 0.100178
58.386129 0.098207
58.419473 0.096182
58.452818 0.094637
58.486162 0.094053
58.519507 0.094732
58.552851 0.096693
58.586195 0.099651
58.619540 0.103048
58.652884 0.106175
58.686229 0.108311
58.719573 0.108891
58.752918 0.107625
58.786262 0.104575
58.819607 0.100139
58.852951 0.094977
58.886295 0.089875
58.919640 0.085590
58.952984 0.082709
58.986329 0.081551
59.019673 0.082142
59.053018 0.084248
59.086362 0.087470
59.119707 0.091363
59.153051 0.095549
59.186395 0.099795
59.219740 0.104035
59.253084 0.108339
59.286429 0.112828
59.319773 0.117571
59.353118 0.122500
59.386462 0.127350
59.419807 0.131669
59.453151 0.134885
59.486495 0.136420
59.519840 0.135823
59.553184 0.132894
59.586529 0.127761
59.619873 0.120884
59.653218 0.112994
59.686562 0.104964
59.719907 0.097652
59.753251 0.091743
59.786596 0.087633
59.819940 0.085376
59.853284 0.084718
59.886629 0.085187
59.919973 0.086244
59.953318 0.087433
59.986662 0.088503
60.020007 0.089475
60.053351 0.090629
60.086696 0.092416
60.120040 0.095323
60.153384 0.099720
60.186729 0.105733
60.220073 0.113168
60.253418 0.121519
60.286762 0.130057
60.320107 0.137969
60.353451 0.144534
60.386796 0.149276
60.420140 0.152067
60.453484 0.153148
60.486829 0.153066
60.520173 0.152537
60.553518 0.152274
60.586862 0.152807
60.620207 0.154357
60.653551 0.156774
60.686896 0.159569
60.720240 0.162027
60.753585 0.163364
60.786929 0.162914
60.820273 0.160272
60.853618 0.155388
60.886962 0.148568
60.920307 0.140408
60.953651 0.131651
60.986996 0.123035
61.020340 0.115144
61.053685 0.108314
61.087029 0.102610
61.120373 0.097874
61.153718 0.093834
61.187062 0.090237
61.220407 0.086969
61.253751 0.084132
61.287096 0.082052
61.320440 0.081210
61.353785 0.082121
61.387129 0.085186
61.420473 0.090558
61.453818 0.098057
61.487162 0.107164
61.520507 0.117093
61.553851 0.126937
61.587196 0.135849
61.620540 0.143211
61.653885 0.148769
61.687229 0.152672
61.720574 0.155431
61.753918 0.157789
61.787262 0.160533
61.820607 0.164299
61.853951 0.169405
61.887296 0.175758
61.920640 0.182861
61.953985 0.189903
61.987329 0.195932
62.020674 0.200057
62.054018 0.201635
62.087362 0.200405
62.120707 0.196536
62.154051 0.190576
62.187396 0.183329
62.220740 0.175669
62.254085 0.168365
62.287429 0.161926
62.320774 0.156531
62.354118 0.152029
62.387462 0.148038
62.420807 0.144079
62.454151 0.139740
62.487496 0.134811
62.520840 0.129363
62.554185 0.123749
62.587529 0.118525
62.620874 0.114325
62.654218 0.111702
62.687563 0.110989
62.720907 0.112210
62.754251 0.115064
62.787596 0.118979
62.820940 0.123226
62.854285 0.127070
62.887629 0.129908
62.920974 0.131374
62.954318 0.131378
62.987663 0.130080
63.021007 0.127809
63.054351 0.124942
63.087696 0.121790
63.121040 0.118512
63.154385 0.115081
63.187729 0.111313
63.221074 0.106946
63.254418 0.101747
63.287763 0.095621
63.321107 0.088681
63.354451 0.081271
63.387796 0.073924
63.421140 0.067268
63.454485 0.061907
63.487829 0.058289
63.521174 0.056625
63.554518 0.056846
63.587863 0.058633
63.621207 0.061502
63.654552 0.064925
63.687896 0.068458
63.721240 0.071832
63.754585 0.075006
63.787929 0.078148
63.821274 0.081556
63.854618 0.085549
63.887963 0.090345
63.921307 0.095964
63.954652 0.102188
63.987996 0.108579
64.021340 0.114568
64.054685 0.119574
64.088029 0.123143
64.121374 0.125057
64.154718 0.125389
64.188063 0.124493
64.221407 0.122917
64.254752 0.121277
64.288096 0.120099
64.321440 0.119696
64.354785 0.120085
64.388129 0.120986
64.421474 0.121890
64.454818 0.122191
64.488163 0.121350
64.521507 0.119038
64.554852 0.115238
64.588196 0.110273
64.621541 0.104746
64.654885 0.099416
64.688229 0.095029
64.721574 0.092148
64.754918 0.091023
64.788263 0.091536
64.821607 0.093225
64.854952 0.095397
64.888296 0.097291
64.921641 0.098258
64.954985 0.097914
64.988329 0.096234
65.021674 0.093558
65.055018 0.090509
65.088363 0.087848
65.121707 0.086294
65.155052 0.086357
65.188396 0.088216
65.221741 0.091679
65.255085 0.096220
65.288429 0.101100
65.321774 0.105525
65.355118 0.108814
65.388463 0.110531
65.421807 0.110556
65.455152 0.109083
65.488496 0.106542
65.521841 0.103474
65.555185 0.100391
65.588530 0.097661
65.621874 0.095435
65.655218 0.093645
65.688563 0.092065
65.721907 0.090410
65.755252 0.088452
65.788596 0.086117
65.821941 0.083528
65.855285 0.080997
65.888630 0.078944
65.921974 0.077790
65.955318 0.077828
65.988663 0.079121
66.022007 0.081461
66.055352 0.084385
66.088696 0.087263
66.122041 0.089437
66.155385 0.090375
66.188730 0.089798
66.222074 0.087763
66.255418 0.084667
66.288763 0.081172
66.322107 0.078072
66.355452 0.076125
66.388796 0.075902
66.422141 0.077663
66.455485 0.081325
66.488830 0.086488
66.522174 0.092543
66.555519 0.098818
66.588863 0.104730
66.622207 0.109903
66.655552 0.114229
66.688896 0.117855
66.722241 0.121103
66.755585 0.124339
66.788930 0.127843
66.822274 0.131695
66.855619 0.135722
66.888963 0.139516
66.922307 0.142520
66.955652 0.144161
66.988996 0.144002
67.022341 0.141859
67.055685 0.137876
67.089030 0.132514
67.122374 0.126467
67.155719 0.120523
67.189063 0.115395
67.222407 0.111571
67.255752 0.109211
67.289096 0.108123
67.322441 0.107818
67.355785 0.107633
67.389130 0.106893
67.422474 0.105081
67.455819 0.101951
67.489163 0.097597
67.522508 0.092417
67.555852 0.087027
67.589196 0.082104
67.622541 0.078234
67.655885 0.075775
67.689230 0.074776
67.722574 0.074974
67.755919 0.075869
67.789263 0.076835
67.822608 0.077280
67.855952 0.076766
67.889296 0.075106
67.922641 0.072385
67.955985 0.068917
67.989330 0.065146
68.022674 0.061530
68.056019 0.058423
68.089363 0.055998
68.122708 0.054225
68.156052 0.052915
68.189396 0.051806
68.222741 0.050670
68.256085 0.049419
68.289430 0.048166
68.322774 0.047225
68.356119 0.047058
68.389463 0.048165
68.422808 0.050947
68.456152 0.055590
68.489496 0.061981
68.522841 0.069691
68.556185 0.078029
68.589530 0.086161
68.622874 0.093261
68.656219 0.098662
68.689563 0.101979
68.722908 0.103162
68.756252 0.102486
68.789597 0.100459
68.822941 0.097696
68.856285 0.094769
68.889630 0.092082
68.922974 0.089798
68.956319 0.087832
68.989663 0.085911
69.023008 0.083680
69.056352 0.080838
69.089697 0.077248
69.123041 0.073004
69.156385 0.068441
69.189730 0.064071
69.223074 0.060470
69.256419 0.058140
69.289763 0.057389
69.323108 0.058242
69.356452 0.060427
69.389797 0.063421
69.423141 0.066568
69.456485 0.069215
69.489830 0.070854
69.523174 0.071233
69.556519 0.070398
69.589863 0.068678
69.623208 0.066596
69.656552 0.064749
69.689897 0.063675
69.723241 0.063740
69.756586 0.065085
69.789930 0.067618
69.823274 0.071073
69.856619 0.075110
69.889963 0.079414
69.923308 0.083786
69.956652 0.088180
69.989997 0.092691
70.023341 0.097486
70.056686 0.102709
70.090030 0.108371
70.123374 0.114279
70.156719 0.120008
70.190063 0.124944
70.223408 0.128379
70.256752 0.129657
70.290097 0.128322
70.323441 0.124231
70.356786 0.117627
70.390130 0.109115
70.423474 0.099577
70.456819 0.090019
70.490163 0.081396
70.523508 0.074446
70.556852 0.069572
70.590197 0.066804
70.623541 0.065832
70.656886 0.066113
70.690230 0.067027
70.723575 0.068032
70.756919 0.068786
70.790263 0.069215
70.823608 0.069507
70.856952 0.070025
70.890297 0.071194
70.923641 0.073353
70.956986 0.076645
70.990330 0.080951
71.023675 0.085899
71.057019 0.090933
71.090363 0.095439
71.123708 0.098882
71.157052 0.100933
71.190397 0.101540
71.223741 0.100940
71.257086 0.099594
71.290430 0.098075
71.323775 0.096929
71.357119 0.096546
71.390463 0.097068
71.423808 0.098375
71.457152 0.100117
71.490497 0.101823
71.523841 0.103029
71.557186 0.103400
71.590530 0.102825
71.623875 0.101444
71.657219 0.099613
71.690564 0.097805
71.723908 0.096489
71.757252 0.095997
71.790597 0.096432
71.823941 0.097633
71.857286 0.099202
71.890630 0.100602
71.923975 0.101288
71.957319 0.100840
71.990664 0.099071
72.024008 0.096081
72.057352 0.092233
72.090697 0.088072
72.124041 0.084193
72.157386 0.081098
72.190730 0.079078
72.224075 0.078151
72.257419 0.078061
72.290764 0.078354
72.324108 0.078508
72.357452 0.078070
72.390797 0.076790
72.424141 0.074694
72.457486 0.072094
72.490830 0.069518
72.524175 0.067587
72.557519 0.066857
72.590864 0.067678
72.624208 0.070096
72.657553 0.073818
72.690897 0.078268
72.724241 0.082701
72.757586 0.086364
72.790930 0.088655
72.824275 0.089252
72.857619 0.088176
72.890964 0.085769
72.924308 0.082612
72.957653 0.079375
72.990997 0.076665
73.024341 0.074886
73.057686 0.074158
73.091030 0.074304
73.124375 0.074916
73.157719 0.075466
73.191064 0.075454
73.224408 0.074539
73.257753 0.072621
73.291097 0.069871
73.324441 0.066678
73.357786 0.063551
73.391130 0.060986
73.424475 0.059341
73.457819 0.058749
73.491164 0.059089
73.524508 0.060022
73.557853 0.061090
73.591197 0.061834
73.624542 0.061922
73.657886 0.061235
73.691230 0.059901
73.724575 0.058257
73.757919 0.056765
73.791264 0.055880
73.824608 0.055933
73.857953 0.057032
73.891297 0.059025
73.924642 0.061532
73.957986 0.064034
73.991330 0.066003
74.024675 0.067035
74.058019 0.066955
74.091364 0.065866
74.124708 0.064133
74.158053 0.062290
74.191397 0.060916
74.224742 0.060483
74.258086 0.061236
74.291430 0.063128
74.324775 0.065820
74.358119 0.068755
74.391464 0.071293
74.424808 0.072858
74.458153 0.073080
74.491497 0.071886
74.524842 0.069524
74.558186 0.066502
74.591531 0.063479
74.624875 0.061106
74.658219 0.059883
74.691564 0.060040
74.724908 0.061495
74.758253 0.063880
74.791597 0.066631
74.824942 0.069133
74.858286 0.070860
74.891631 0.071497
74.924975 0.071011
74.958319 0.069638
74.991664 0.067820
75.025008 0.066085
75.058353 0.064915
75.091697 0.064629
75.125042 0.065313
75.158386 0.066819
75.191731 0.068814
75.225075 0.070886
75.258419 0.072666
75.291764 0.073926
75.325108 0.074649
75.358453 0.075022
75.391797 0.075385
75.425142 0.076119
75.458486 0.077525
75.491831 0.079717
75.525175 0.082561
75.558520 0.085672
75.591864 0.088487
75.625208 0.090381
75.658553 0.090817
75.691897 0.089473
75.725242 0.086338
75.758586 0.081731
75.791931 0.076248
75.825275 0.070651
75.858620 0.065708
75.891964 0.062044
75.925308 0.060020
75.958653 0.059669
75.991997 0.060714
76.025342 0.062650
76.058686 0.064877
76.092031 0.066840
76.125375 0.068153
76.158720 0.068674
76.192064 0.068509
76.225408 0.067954
76.258753 0.067382
76.292097 0.067124
76.325442 0.067358
76.358786 0.068040
76.392131 0.068907
76.425475 0.069537
76.458820 0.069458
76.492164 0.068278
76.525509 0.065799
76.558853 0.062088
76.592197 0.057481
76.625542 0.052525
76.658886 0.047861
76.692231 0.044082
76.725575 0.041609
76.758920 0.040597
76.792264 0.040909
76.825609 0.042166
76.858953 0.043846
76.892297 0.045426
76.925642 0.046510
76.958986 0.046936
76.992331 0.046804
77.025675 0.046449
77.059020 0.046339
77.092364 0.046941
77.125709 0.048583
77.159053 0.051343
77.192397 0.055004
77.225742 0.059085
77.259086 0.062931
77.292431 0.065865
77.325775 0.067335
77.359120 0.067052
77.392464 0.065057
77.425809 0.061718
77.459153 0.057651
77.492497 0.053579
77.525842 0.050171
77.559186 0.047896
77.592531 0.046926
77.625875 0.047110
77.659220 0.048033
77.692564 0.049135
77.725909 0.049867
77.759253 0.049839
77.792598 0.048932
77.825942 0.047336
77.859286 0.045510
77.892631 0.044078
77.925975 0.043668
77.959320 0.044761
77.992664 0.047557
78.026009 0.051917
78.059353 0.057378
78.092698 0.063242
78.126042 0.068722
78.159386 0.073107
78.192731 0.075903
78.226075 0.076928
78.259420 0.076326
78.292764 0.074514
78.326109 0.072067
78.359453 0.069573
78.392798 0.067500
78.426142 0.066102
78.459486 0.065386
78.492831 0.065155
78.526175 0.065093
78.559520 0.064893
78.592864 0.064372
78.626209 0.063547
78.659553 0.062660
78.692898 0.062128
78.726242 0.062441
78.759587 0.064028
78.792931 0.067131
78.826275 0.071715
78.859620 0.077436
78.892964 0.083685
78.926309 0.089695
78.959653 0.094686
78.992998 0.098018
79.026342 0.099305
79.059687 0.098486
79.093031 0.095812
79.126375 0.091766
79.159720 0.086946
79.193064 0.081916
79.226409 0.077091
79.259753 0.072662
79.293098 0.068587
79.326442 0.064649
79.359787 0.060561
79.393131 0.056091
79.426475 0.051166
79.459820 0.045934
79.493164 0.040765
79.526509 0.036180
79.559853 0.032735
79.593198 0.030887
79.626542 0.030863
79.659887 0.032594
79.693231 0.035697
79.726576 0.039542
79.759920 0.043379
79.793264 0.046485
79.826609 0.048319
79.859953 0.048628
79.893298 0.047493
79.926642 0.045299
79.959987 0.042631
79.993331 0.040137
80.026676 0.038379
80.060020 0.037710
80.093364 0.038208
80.126709 0.039682
80.160053 0.041741
80.193398 0.043916
80.226742 0.045789
80.260087 0.047105
80.293431 0.047836
80.326776 0.048178
80.360120 0.048487
80.393464 0.049160
80.426809 0.050513
80.460153 0.052666
80.493498 0.055484
80.526842 0.058581
80.560187 0.061390
80.593531 0.063294
80.626876 0.063764
80.660220 0.062497
80.693565 0.059496
80.726909 0.055084
80.760253 0.049846
80.793598 0.044507
80.826942 0.039775
80.860287 0.036196
80.893631 0.034035
80.926976 0.033240
80.960320 0.033464
80.993665 0.034171
81.027009 0.034774
81.060353 0.034787
81.093698 0.033947
81.127042 0.032275
81.160387 0.030070
81.193731 0.027831
81.227076 0.026123
81.260420 0.025442
81.293765 0.026082
81.327109 0.028066
81.360453 0.031136
81.393798 0.034821
81.427142 0.038548
81.460487 0.041781
81.493831 0.044150
81.527176 0.045527
81.560520 0.046050
81.593865 0.046071
81.627209 0.046048
81.660554 0.046419
81.693898 0.047475
81.727242 0.049272
81.760587 0.051610
81.793931 0.054075
81.827276 0.056138
81.860620 0.057288
81.893965 0.057160
81.927309 0.055633
81.960654 0.052862
81.993998 0.049252
82.027342 0.045357
82.060687 0.041758
82.094031 0.038926
82.127376 0.037117
82.160720 0.036320
82.194065 0.036281
82.227409 0.036574
82.260754 0.036733
82.294098 0.036376
82.327442 0.035314
82.360787 0.033610
82.394131 0.031564
82.427476 0.029641
82.460820 0.028347
82.494165 0.028097
82.527509 0.029098
82.560854 0.031285
82.594198 0.034327
82.627543 0.037694
82.660887 0.040784
82.694231 0.043066
82.727576 0.044209
82.760920 0.044166
82.794265 0.043188
82.827609 0.041764
82.860954 0.040501
82.894298 0.039983
82.927643 0.040617
82.960987 0.042541
82.994331 0.045582
83.027676 0.049297
83.061020 0.053078
83.094365 0.056293
83.127709 0.058440
83.161054 0.059254
83.194398 0.058770
83.227743 0.057299
83.261087 0.055345
83.294431 0.053468
83.327776 0.052145
83.361120 0.051646
83.394465 0.051972
83.427809 0.052864
83.461154 0.053874
83.494498 0.054502
83.527843 0.054329
83.561187 0.053152
83.594532 0.051048
83.627876 0.048378
83.661220 0.045715
83.694565 0.043705
83.727909 0.042919
83.761254 0.043706
83.794598 0.046096
83.827943 0.049783
83.861287 0.054182
83.894632 0.058551
83.927976 0.062153
83.961320 0.064425
83.994665 0.065091
84.028009 0.064222
84.061354 0.062210
84.094698 0.059666
84.128043 0.057275
84.161387 0.055630
84.194732 0.055100
84.228076 0.055752
84.261420 0.057346
84.294765 0.059411
84.328109 0.061366
84.361454 0.062676
84.394798 0.062979
84.428143 0.062175
84.461487 0.060447
84.494832 0.058200
84.528176 0.055958
84.561521 0.054223
84.594865 0.053346
84.628209 0.053438
84.661554 0.054344
84.694898 0.055685
84.728243 0.056961
84.761587 0.057677
84.794932 0.057477
84.828276 0.056232
84.861621 0.054078
84.894965 0.051378
84.928309 0.048630
84.961654 0.046340
84.994998 0.044892
85.028343 0.044448
85.061687 0.044906
85.095032 0.045929
85.128376 0.047026
85.161721 0.047685
85.195065 0.047499
85.228409 0.046280
85.261754 0.044106
85.295098 0.041313
85.328443 0.038408
85.361787 0.035953
85.395132 0.034425
85.428476 0.034098
85.461821 0.034979
85.495165 0.036805
85.528510 0.039113
85.561854 0.041354
85.595198 0.043030
85.628543 0.043815
85.661887 0.043637
85.695232 0.042688
85.728576 0.041369
85.761921 0.040185
85.795265 0.039613
85.828610 0.039969
85.861954 0.041328
85.895298 0.043495
85.928643 0.046054
85.961987 0.048462
85.995332 0.050189
86.028676 0.050842
86.062021 0.050267
86.095365 0.048584
86.128710 0.046156
86.162054 0.043499
86.195398 0.041154
86.228743 0.039557
86.262087 0.038931
86.295432 0.039244
86.328776 0.040226
86.362121 0.041450
86.395465 0.042459
86.428810 0.042889
86.462154 0.042581
86.495498 0.041631
86.528843 0.040371
86.562187 0.039286
86.595532 0.038893
86.628876 0.039593
86.662221 0.041561
86.695565 0.044677
86.728910 0.048540
86.762254 0.052544
86.795599 0.056015
86.828943 0.058367
86.862287 0.059240
86.895632 0.058592
86.928976 0.056710
86.962321 0.054149
86.995665 0.051598
87.029010 0.049723
87.062354 0.049000
87.095699 0.049605
87.129043 0.051365
87.162387 0.053795
87.195732 0.056214
87.229076 0.057897
87.262421 0.058250
87.295765 0.056946
87.329110 0.054000
87.362454 0.049768
87.395799 0.044861
87.429143 0.040010
87.462487 0.035895
87.495832 0.033006
87.529176 0.031541
87.562521 0.031385
87.595865 0.032160
87.629210 0.033339
87.662554 0.034389
87.695899 0.034908
87.729243 0.034726
87.762588 0.033938
87.795932 0.032863
87.829276 0.031952
87.862621 0.031650
87.895965 0.032275
87.929310 0.033911
87.962654 0.036382
87.995999 0.039280
88.029343 0.042063
88.062688 0.044187
88.096032 0.045239
88.129376 0.045046
88.162721 0.043719
88.196065 0.041630
88.229410 0.039325
88.262754 0.037392
88.296099 0.036315
88.329443 0.036364
88.362788 0.037524
88.396132 0.039505
88.429476 0.041814
88.462821 0.043880
88.496165 0.045193
88.529510 0.045430
88.562854 0.044534
88.596199 0.042723
88.629543 0.040431
88.662888 0.038200
88.696232 0.036539
88.729577 0.035797
88.762921 0.036079
88.796265 0.037220
88.829610 0.038830
88.862954 0.040393
88.896299 0.041399
88.929643 0.041476
88.962988 0.040474
88.996332 0.038508
89.029677 0.035917
89.063021 0.033178
89.096365 0.030779
89.129710 0.029090
89.163054 0.028266
89.196399 0.028212
89.229743 0.028601
89.263088 0.028968
89.296432 0.028834
89.329777 0.027836
89.363121 0.025838
89.396465 0.022978
89.429810 0.019654
89.463154 0.016442
89.496499 0.013965
89.529843 0.012758
89.563188 0.013139
89.596532 0.015141
89.629877 0.018502
89.663221 0.022734
89.696566 0.027232
89.729910 0.031412
89.763254 0.034842
89.796599 0.037321
89.829943 0.038904
89.863288 0.039858
89.896632 0.040567
89.929977 0.041402
89.963321 0.042610
89.996666 0.044226
90.030010 0.046058
90.063354 0.047726
90.096699 0.048760
90.130043 0.048732
90.163388 0.047375
90.196732 0.044676
90.230077 0.040898
90.263421 0.036546
90.296766 0.032261
90.330110 0.028683
90.363454 0.026311
90.396799 0.025389
90.430143 0.025860
90.463488 0.027381
90.496832 0.029413
90.530177 0.031352
90.563521 0.032674
90.596866 0.033061
90.630210 0.032467
90.663555 0.031122
90.696899 0.029460
90.730243 0.028004
90.763588 0.027221
90.796932 0.027401
90.830277 0.028576
90.863621 0.030508
90.896966 0.032750
90.930310 0.034758
90.963655 0.036031
90.996999 0.036246
91.030343 0.035343
91.063688 0.033553
91.097032 0.031347
91.130377 0.029329
91.163721 0.028094
91.197066 0.028085
91.230410 0.029490
91.263755 0.032197
91.297099 0.035824
91.330443 0.039816
91.363788 0.043577
91.397132 0.046612
91.430477 0.048645
91.463821 0.049671
91.497166 0.049943
91.530510 0.049890
91.563855 0.049991
91.597199 0.050630
91.630544 0.051985
91.663888 0.053962
91.697232 0.056203
91.730577 0.058170
91.763921 0.059272
91.797266 0.059014
91.830610 0.057136
91.863955 0.053688
91.897299 0.049038
91.930644 0.043810
91.963988 0.038746
91.997332 0.034555
92.030677 0.031754
92.064021 0.030564
92.097366 0.030868
92.130710 0.032257
92.164055 0.034133
92.197399 0.035862
92.230744 0.036927
92.264088 0.037051
92.297432 0.036256
92.330777 0.034843
92.364121 0.033309
92.397466 0.032206
92.430810 0.031995
92.464155 0.032920
92.497499 0.034932
92.530844 0.037698
92.564188 0.040673
92.597533 0.043225
92.630877 0.044787
92.664221 0.044990
92.697566 0.043746
92.730910 0.041270
92.764255 0.038019
92.797599 0.034580
92.830944 0.031529
92.864288 0.029294
92.897633 0.028057
92.930977 0.027728
92.964321 0.027978
92.997666 0.028342
93.031010 0.028348
93.064355 0.027653
93.097699 0.026138
93.131044 0.023948
93.164388 0.021463
93.197733 0.019203
93.231077 0.017702
93.264421 0.017367
93.297766 0.018377
93.331110 0.020630
93.364455 0.023761
93.397799 0.027222
93.431144 0.030414
93.464488 0.032820
93.497833 0.034123
93.531177 0.034275
93.564522 0.033495
93.597866 0.032201
93.631210 0.030902
93.664555 0.030060
93.697899 0.029977
93.731244 0.030721
93.764588 0.032117
93.797933 0.033798
93.831277 0.035317
93.864622 0.036263
93.897966 0.036387
93.931310 0.035666
93.964655 0.034322
93.997999 0.032768
94.031344 0.031503
94.064688 0.030981
94.098033 0.031490
94.131377 0.033067
94.164722 0.035478
94.198066 0.038262
94.231410 0.040837
94.264755 0.042638
94.298099 0.043249
94.331444 0.042505
94.364788 0.040532
94.398133 0.037718
94.431477 0.034618
94.464822 0.031817
94.498166 0.029793
94.531511 0.028801
94.564855 0.028816
94.598199 0.029546
94.631544 0.030510
94.664888 0.031169
94.698233 0.031065
94.731577 0.029941
94.764922 0.027816
94.798266 0.024983
94.831611 0.021942
94.864955 0.019281
94.898299 0.017535
94.931644 0.017053
94.964988 0.017920
94.998333 0.019934
95.031677 0.022664
95.065022 0.025557
95.098366 0.028076
95.131711 0.029838
95.165055 0.030702
95.198399 0.030801
95.231744 0.030501
95.265088 0.030300
95.298433 0.030692
95.331777 0.032031
95.365122 0.034431
95.398466 0.037721
95.431811 0.041482
95.465155 0.045140
95.498499 0.048103
95.531844 0.049907
95.565188 0.050331
95.598533 0.049453
95.631877 0.047637
95.665222 0.045446
95.698566 0.043508
95.731911 0.042366
95.765255 0.042350
95.798600 0.043497
95.831944 0.045547
95.865288 0.048011
95.898633 0.050291
95.931977 0.051829
95.965322 0.052244
95.998666 0.051417
96.032011 0.049520
96.065355 0.046961
96.098700 0.044276
96.132044 0.041989
96.165388 0.040475
96.198733 0.039860
96.232077 0.039992
96.265422 0.040481
96.298766 0.040802
96.332111 0.040436
96.365455 0.039013
96.398800 0.036424
96.432144 0.032862
96.465488 0.028795
96.498833 0.024873
96.532177 0.021774
96.565522 0.020057
96.598866 0.020027
96.632211 0.021664
96.665555 0.024626
96.698900 0.028324
96.732244 0.032052
96.765589 0.035146
96.798933 0.037118
96.832277 0.037759
96.865622 0.037155
96.898966 0.035647
96.932311 0.033722
96.965655 0.031877
96.999000 0.030492
97.032344 0.029731
97.065689 0.029516
97.099033 0.029558
97.132377 0.029455
97.165722 0.028813
97.199066 0.027373
97.232411 0.025098
97.265755 0.022205
97.299100 0.019127
97.332444 0.016417
97.365789 0.014617
97.399133 0.014120
97.432477 0.015078
97.465822 0.017346
97.499166 0.020520
97.532511 0.024023
97.565855 0.027238
97.599200 0.029654
97.632544 0.030983
97.665889 0.031218
97.699233 0.030630
97.732578 0.029690
97.765922 0.028940
97.799266 0.028851
97.832611 0.029699
97.865955 0.031485
97.899300 0.033935
97.932644 0.036561
97.965989 0.038780
97.999333 0.040061
98.032678 0.040057
98.066022 0.038699
98.099366 0.036215
98.132711 0.033081
98.166055 0.029912
98.199400 0.027316
98.232744 0.025752
98.266089 0.025427
98.299433 0.026246
98.332778 0.027850
98.366122 0.029703
98.399466 0.031232
98.432811 0.031970
98.466155 0.031664
98.499500 0.030342
98.532844 0.028293
98.566189 0.025995
98.599533 0.023992
98.632878 0.022754
98.666222 0.022564
98.699567 0.023449
98.732911 0.025187
98.766255 0.027365
98.799600 0.029498
98.832944 0.031160
98.866289 0.032098
98.899633 0.032301
98.932978 0.032002
98.966322 0.031617
98.999667 0.031632
99.033011 0.032464
99.066355 0.034338
99.099700 0.037210
99.133044 0.040756
99.166389 0.044426
99.199733 0.047563
99.233078 0.049549
99.266422 0.049949
99.299767 0.048607
99.333111 0.045689
99.366455 0.041645
99.399800 0.037111
99.433144 0.032764
99.466489 0.029179
99.499833 0.026712
99.533178 0.025439
99.566522 0.025166
99.599867 0.025507
99.633211 0.026005
99.666556 0.026263
99.699900 0.026057
99.733244 0.025398
99.766589 0.024519
99.799933 0.023814
99.833278 0.023711
99.866622 0.024546
99.899967 0.026450
99.933311 0.029286
99.966656 0.032656
100.000000 0.035977
