0.000000 0.000000
0.033344 0.000003
0.066689 0.000013
0.100033 0.000029
0.133378 0.000054
0.166722 0.000084
0.200067 0.000120
0.233411 0.000156
0.266756 0.000189
0.300100 0.000214
0.333444 0.000227
0.366789 0.000226
0.400133 0.000213
0.433478 0.000192
0.466822 0.000169
0.500167 0.000152
0.533511 0.000145
0.566856 0.000152
0.600200 0.000172
0.633545 0.000199
0.666889 0.000226
0.700233 0.000245
0.733578 0.000250
0.766922 0.000237
0.800267 0.000208
0.833611 0.000169
0.866956 0.000129
0.900300 0.000100
0.933645 0.000088
0.966989 0.000100
1.000333 0.000133
1.033678 0.000180
1.067022 0.000230
1.100367 0.000271
1.133711 0.000293
1.167056 0.000288
1.200400 0.000259
1.233745 0.000213
1.267089 0.000163
1.300433 0.000123
1.333778 0.000108
1.367122 0.000124
1.400467 0.000169
1.433811 0.000236
1.467156 0.000309
1.500500 0.000369
1.533845 0.000401
1.567189 0.000393
1.600534 0.000345
1.633878 0.000266
1.667222 0.000171
1.700567 0.000082
1.733911 0.000019
1.767256 -0.000004
1.800600 0.000017
1.833945 0.000075
1.867289 0.000153
1.900634 0.000227
1.933978 0.000276
1.967322 0.000282
2.000667 0.000240
2.034011 0.000155
2.067356 0.000044
2.100700 -0.000067
2.134045 -0.000152
2.167389 -0.000193
2.200734 -0.000178
2.234078 -0.000114
2.267422 -0.000019
2.300767 0.000082
2.334111 0.000159
2.367456 0.000188
2.400800 0.000156
2.434145 0.000065
2.467489 -0.000066
2.500834 -0.000209
2.534178 -0.000332
2.567523 -0.000406
2.600867 -0.000414
2.634211 -0.000356
2.667556 -0.000247
2.700900 -0.000117
2.734245 -0.000001
2.767589 0.000068
2.800934 0.000069
2.834278 -0.000001
2.867623 -0.000129
2.900967 -0.000283
2.934311 -0.000426
2.967656 -0.000521
3.001000 -0.000542
3.034345 -0.000483
3.067689 -0.000356
3.101034 -0.000192
3.134378 -0.000033
3.167723 0.000078
3.201067 0.000112
3.234411 0.000057
3.267756 -0.000079
3.301100 -0.000264
3.334445 -0.000453
3.367789 -0.000601
3.401134 -0.000671
3.434478 -0.000644
3.467823 -0.000527
3.501167 -0.000350
3.534512 -0.000158
3.567856 -0.000002
3.601200 0.000076
3.634545 0.000053
3.667889 -0.000069
3.701234 -0.000262
3.734578 -0.000477
3.767923 -0.000660
3.801267 -0.000764
3.834612 -0.000759
3.867956 -0.000644
3.901300 -0.000446
3.934645 -0.000213
3.967989 -0.000006
4.001334 0.000120
4.034678 0.000132
4.068023 0.000020
4.101367 -0.000190
4.134712 -0.000448
4.168056 -0.000690
4.201400 -0.000856
4.234745 -0.000903
4.268089 -0.000820
4.301434 -0.000627
4.334778 -0.000377
4.368123 -0.000139
4.401467 0.000020
4.434812 0.000049
4.468156 -0.000069
4.501501 -0.000314
4.534845 -0.000634
4.568189 -0.000951
4.601534 -0.001190
4.634878 -0.001290
4.668223 -0.001226
4.701567 -0.001011
4.734912 -0.000700
4.768256 -0.000372
4.801601 -0.000114
4.834945 0.000006
4.868289 -0.000049
4.901634 -0.000266
4.934978 -0.000593
4.968323 -0.000945
5.001667 -0.001229
5.035012 -0.001364
5.068356 -0.001312
5.101701 -0.001078
5.135045 -0.000721
5.168389 -0.000335
5.201734 -0.000026
5.235078 0.000116
5.268423 0.000037
5.301767 -0.000257
5.335112 -0.000705
5.368456 -0.001204
5.401801 -0.001632
5.435145 -0.001883
5.468489 -0.001895
5.501834 -0.001667
5.535178 -0.001264
5.568523 -0.000800
5.601867 -0.000412
5.635212 -0.000219
5.668556 -0.000287
5.701901 -0.000612
5.735245 -0.001106
5.768590 -0.001620
5.801934 -0.001967
5.835278 -0.001960
5.868623 -0.001440
5.901967 -0.000285
5.935312 0.001616
5.968656 0.004408
6.002001 0.008346
6.035345 0.013877
6.068690 0.021700
6.102034 0.032795
6.135378 0.048382
6.168723 0.069815
6.202067 0.098404
6.235412 0.135185
6.268756 0.180671
6.302101 0.234626
6.335445 0.295904
6.368790 0.362390
6.402134 0.431083
6.435478 0.498298
6.468823 0.560003
6.502167 0.612221
6.535512 0.651475
6.568856 0.675179
6.602201 0.681945
6.635545 0.671742
6.668890 0.645889
6.702234 0.606880
6.735579 0.558065
6.768923 0.503246
6.802267 0.446229
6.835612 0.390423
6.868956 0.338515
6.902301 0.292289
6.935645 0.252579
6.968990 0.219376
7.002334 0.192034
7.035679 0.169548
7.069023 0.150842
7.102367 0.135020
7.135712 0.121540
7.169056 0.110290
7.202401 0.101552
7.235745 0.095891
7.269090 0.093969
7.302434 0.096355
7.335779 0.103336
7.369123 0.114795
7.402467 0.130150
7.435812 0.148381
7.469156 0.168136
7.502501 0.187883
7.535845 0.206108
7.569190 0.221497
7.602534 0.233098
7.635879 0.240427
7.669223 0.243504
7.702568 0.242818
7.735912 0.239226
7.769256 0.233809
7.802601 0.227694
7.835945 0.221888
7.869290 0.217131
7.902634 0.213808
7.935979 0.211918
7.969323 0.211122
8.002668 0.210841
8.036012 0.210413
8.069356 0.209266
8.102701 0.207080
8.136045 0.203919
8.169390 0.200296
8.202734 0.197163
8.236079 0.195813
8.269423 0.197725
8.302768 0.204344
8.336112 0.216857
8.369456 0.235978
8.402801 0.261795
8.436145 0.293689
8.469490 0.330349
8.502834 0.369881
8.536179 0.409985
8.569523 0.448189
8.602868 0.482090
8.636212 0.509577
8.669557 0.529009
8.702901 0.539314
8.736245 0.540031
8.769590 0.531275
8.802934 0.513667
8.836279 0.488226
8.869623 0.456271
8.902968 0.419326
8.936312 0.379040
8.969657 0.337138
9.003001 0.295358
9.036345 0.255404
9.069690 0.218874
9.103034 0.187178
9.136379 0.161461
9.169723 0.142525
9.203068 0.130803
9.236412 0.126377
9.269757 0.129073
9.303101 0.138621
9.336445 0.154862
9.369790 0.177960
9.403134 0.208580
9.436479 0.247967
9.469823 0.297887
9.503168 0.360424
9.536512 0.437611
9.569857 0.530973
9.603201 0.641018
9.636546 0.766798
9.669890 0.905613
9.703234 1.052947
9.736579 1.202687
9.769923 1.347613
9.803268 1.480136
9.836612 1.593160
9.869957 1.680971
9.903301 1.739992
9.936646 1.769282
9.969990 1.770705
10.003334 1.748698
10.036679 1.709692
10.070023 1.661248
10.103368 1.611057
10.136712 1.565932
10.170057 1.530978
10.203401 1.509030
10.236746 1.500462
10.270090 1.503363
10.303434 1.514040
10.336779 1.527736
10.370123 1.539452
10.403468 1.544710
10.436812 1.540157
10.470157 1.523910
10.503501 1.495629
10.536846 1.456330
10.570190 1.408005
10.603535 1.353151
10.636879 1.294306
10.670223 1.233678
10.703568 1.172937
10.736912 1.113175
10.770257 1.055021
10.803601 0.998861
10.836946 0.945076
10.870290 0.894249
10.903635 0.847268
10.936979 0.805295
10.970323 0.769622
11.003668 0.741435
11.037012 0.721547
11.070357 0.710164
11.103701 0.706752
11.137046 0.710035
11.170390 0.718135
11.203735 0.728850
11.237079 0.740004
11.270423 0.749819
11.303768 0.757239
11.337112 0.762142
11.370457 0.765401
11.403801 0.768782
11.437146 0.774690
11.470490 0.785800
11.503835 0.804635
11.537179 0.833148
11.570524 0.872377
11.603868 0.922214
11.637212 0.981327
11.670557 1.047239
11.703901 1.116552
11.737246 1.185294
11.770590 1.249330
11.803935 1.304807
11.837279 1.348564
11.870624 1.378473
11.903968 1.393660
11.937312 1.394588
11.970657 1.382994
12.004001 1.361666
12.037346 1.334108
12.070690 1.304101
12.104035 1.275235
12.137379 1.250453
12.170724 1.231672
12.204068 1.219533
12.237412 1.213326
12.270757 1.211090
12.304101 1.209910
12.337446 1.206340
12.370790 1.196930
12.404135 1.178758
12.437479 1.149896
12.470824 1.109747
12.504168 1.059183
12.537513 1.000472
12.570857 0.937001
12.604201 0.872836
12.637546 0.812179
12.670890 0.758822
12.704235 0.715664
12.737579 0.684371
12.770924 0.665229
12.804268 0.657187
12.837613 0.658093
12.870957 0.665060
12.904301 0.674899
12.937646 0.684548
12.970990 0.691434
13.004335 0.693718
13.037679 0.690393
13.071024 0.681262
13.104368 0.666794
13.137713 0.647928
13.171057 0.625854
13.204401 0.601821
13.237746 0.577005
13.271090 0.552439
13.304435 0.529007
13.337779 0.507480
13.371124 0.488556
13.404468 0.472896
13.437813 0.461119
13.471157 0.453754
13.504502 0.451160
13.537846 0.453425
13.571190 0.460274
13.604535 0.471012
13.637879 0.484521
13.671224 0.499311
13.704568 0.513647
13.737913 0.525706
13.771257 0.533756
13.804602 0.536338
13.837946 0.532397
13.871290 0.521375
13.904635 0.503239
13.937979 0.478446
13.971324 0.447871
14.004668 0.412696
14.038013 0.374296
14.071357 0.334130
14.104702 0.293647
14.138046 0.254223
14.171390 0.217120
14.204735 0.183467
14.238079 0.154267
14.271424 0.130411
14.304768 0.112720
14.338113 0.101994
14.371457 0.099082
14.404802 0.104969
14.438146 0.120866
14.471490 0.148293
14.504835 0.189134
14.538179 0.245638
14.571524 0.320345
14.604868 0.415912
14.638213 0.534847
14.671557 0.679142
14.704902 0.849860
14.738246 1.046692
14.771591 1.267577
14.804935 1.508421
14.838279 1.762989
14.871624 2.023024
14.904968 2.278596
14.938313 2.518697
14.971657 2.732025
15.005002 2.907905
15.038346 3.037255
15.071691 3.113489
15.105035 3.133250
15.138379 3.096906
15.171724 3.008705
15.205068 2.876588
15.238413 2.711638
15.271757 2.527226
15.305102 2.337920
15.338446 2.158263
15.371791 2.001545
15.405135 1.878690
15.438479 1.797374
15.471824 1.761457
15.505168 1.770787
15.538513 1.821394
15.571857 1.906035
15.605202 2.015034
15.638546 2.137304
15.671891 2.261450
15.705235 2.376809
15.738580 2.474338
15.771924 2.547239
15.805268 2.591297
15.838613 2.604891
15.871957 2.588737
15.905302 2.545401
15.938646 2.478690
15.971991 2.393008
16.005335 2.292771
16.038680 2.181953
16.072024 2.063816
16.105368 1.940827
16.138713 1.814745
16.172057 1.686838
16.205402 1.558174
16.238746 1.429906
16.272091 1.303518
16.305435 1.180969
16.338780 1.064729
16.372124 0.957701
16.405468 0.863042
16.438813 0.783920
16.472157 0.723228
16.505502 0.683304
16.538846 0.665669
16.572191 0.670813
16.605535 0.698046
16.638880 0.745421
16.672224 0.809756
16.705569 0.886737
16.738913 0.971154
16.772257 1.057229
16.805602 1.139067
16.838946 1.211181
16.872291 1.269069
16.905635 1.309772
16.938980 1.332343
16.972324 1.338154
17.005669 1.330964
17.039013 1.316712
17.072357 1.303008
17.105702 1.298375
17.139046 1.311301
17.172391 1.349225
17.205735 1.417583
17.239080 1.519066
17.272424 1.653181
17.305769 1.816215
17.339113 2.001589
17.372457 2.200577
17.405802 2.403274
17.439146 2.599672
17.472491 2.780685
17.505835 2.938980
17.539180 3.069497
17.572524 3.169602
17.605869 3.238893
17.639213 3.278709
17.672558 3.291479
17.705902 3.280026
17.739246 3.246970
17.772591 3.194329
17.805935 3.123368
17.839280 3.034708
17.872624 2.928623
17.905969 2.805456
17.939313 2.666035
17.972658 2.512002
18.006002 2.345981
18.039346 2.171551
18.072691 1.993056
18.106035 1.815288
18.139380 1.643142
18.172724 1.481289
18.206069 1.333962
18.239413 1.204855
18.272758 1.097139
18.306102 1.013546
18.339446 0.956452
18.372791 0.927892
18.406135 0.929453
18.439480 0.962032
18.472824 1.025471
18.506169 1.118164
18.539513 1.236691
18.572858 1.375634
18.606202 1.527613
18.639547 1.683642
18.672891 1.833764
18.706235 1.967925
18.739580 2.076971
18.772924 2.153603
18.806269 2.193163
18.839613 2.194100
18.872958 2.158040
18.906302 2.089447
18.939647 1.994933
18.972991 1.882322
19.006335 1.759636
19.039680 1.634169
19.073024 1.511783
19.106369 1.396535
19.139713 1.290662
19.173058 1.194890
19.206402 1.108967
19.239747 1.032292
19.273091 0.964500
19.306435 0.905870
19.339780 0.857500
19.373124 0.821205
19.406469 0.799194
19.439813 0.793620
19.473158 0.806093
19.506502 0.837300
19.539847 0.886807
19.573191 0.953083
19.606536 1.033754
19.639880 1.126015
19.673224 1.227103
19.706569 1.334721
19.739913 1.447321
19.773258 1.564160
19.806602 1.685120
19.839947 1.810325
19.873291 1.939634
19.906636 2.072117
19.939980 2.205638
19.973324 2.336646
20.006669 2.460233
20.040013 2.570475
20.073358 2.661011
20.106702 2.725773
20.140047 2.759753
20.173391 2.759667
20.206736 2.724427
20.240080 2.655326
20.273424 2.555923
20.306769 2.431648
20.340113 2.289185
20.373458 2.135754
20.406802 1.978375
20.440147 1.823241
20.473491 1.675261
20.506836 1.537827
20.540180 1.412810
20.573525 1.300743
20.606869 1.201159
20.640213 1.112988
20.673558 1.034959
20.706902 0.965950
20.740247 0.905230
20.773591 0.852594
20.806936 0.808371
20.840280 0.773342
20.873625 0.748578
20.906969 0.735240
20.940313 0.734363
20.973658 0.746655
21.007002 0.772321
21.040347 0.810937
21.073691 0.861381
21.107036 0.921820
21.140380 0.989778
21.173725 1.062260
21.207069 1.135955
21.240413 1.207486
21.273758 1.273697
21.307102 1.331946
21.340447 1.380376
21.373791 1.418117
21.407136 1.445396
21.440480 1.463530
21.473825 1.474784
21.507169 1.482115
21.540514 1.488803
21.573858 1.498045
21.607202 1.512516
21.640547 1.534001
21.673891 1.563105
21.707236 1.599107
21.740580 1.639983
21.773925 1.682582
21.807269 1.722963
21.840614 1.756844
21.873958 1.780121
21.907302 1.789397
21.940647 1.782464
21.973991 1.758678
22.007336 1.719187
22.040680 1.666968
22.074025 1.606675
22.107369 1.544286
22.140714 1.486587
22.174058 1.440542
22.207402 1.412593
22.240747 1.407984
22.274091 1.430162
22.307436 1.480349
22.340780 1.557313
22.374125 1.657396
22.407469 1.774787
22.440814 1.902021
22.474158 2.030655
22.507503 2.152030
22.540847 2.258045
22.574191 2.341839
22.607536 2.398320
22.640880 2.424468
22.674225 2.419414
22.707569 2.384282
22.740914 2.321868
22.774258 2.236197
22.807603 2.132048
22.840947 2.014516
22.874291 1.888662
22.907636 1.759284
22.940980 1.630802
22.974325 1.507237
23.007669 1.392225
23.041014 1.289037
23.074358 1.200536
23.107703 1.129072
23.141047 1.076306
23.174391 1.042999
23.207736 1.028817
23.241080 1.032212
23.274425 1.050440
23.307769 1.079745
23.341114 1.115709
23.374458 1.153748
23.407803 1.189673
23.441147 1.220237
23.474491 1.243561
23.507836 1.259372
23.541180 1.268980
23.574525 1.274996
23.607869 1.280827
23.641214 1.290019
23.674558 1.305570
23.707903 1.329315
23.741247 1.361511
23.774592 1.400681
23.807936 1.443754
23.841280 1.486477
23.874625 1.524033
23.907969 1.551747
23.941314 1.565776
23.974658 1.563662
24.008003 1.544653
24.041347 1.509776
24.074692 1.461635
24.108036 1.404010
24.141380 1.341332
24.174725 1.278123
24.208069 1.218512
24.241414 1.165891
24.274758 1.122743
24.308103 1.090653
24.341447 1.070450
24.374792 1.062433
24.408136 1.066604
24.441480 1.082847
24.474825 1.111010
24.508169 1.150876
24.541514 1.202048
24.574858 1.263770
24.608203 1.334756
24.641547 1.413072
24.674892 1.496102
24.708236 1.580639
24.741581 1.663068
24.774925 1.739631
24.808269 1.806720
24.841614 1.861155
24.874958 1.900393
24.908303 1.922667
24.941647 1.927013
24.974992 1.913236
25.008336 1.881820
25.041681 1.833824
25.075025 1.770791
25.108369 1.694692
25.141714 1.607896
25.175058 1.513160
25.208403 1.413598
25.241747 1.312612
25.275092 1.213754
25.308436 1.120511
25.341781 1.036049
25.375125 0.962919
25.408469 0.902817
25.441814 0.856427
25.475158 0.823402
25.508503 0.802514
25.541847 0.791964
25.575192 0.789806
25.608536 0.794428
25.641881 0.804989
25.675225 0.821726
25.708570 0.846065
25.741914 0.880477
25.775258 0.928089
25.808603 0.992099
25.841947 1.075072
25.875292 1.178241
25.908636 1.300927
25.941981 1.440198
25.975325 1.590826
26.008670 1.745582
26.042014 1.895839
26.075358 2.032407
26.108703 2.146486
26.142047 2.230604
26.175392 2.279410
26.208736 2.290223
26.242081 2.263247
26.275425 2.201465
26.308770 2.110215
26.342114 1.996531
26.375458 1.868355
26.408803 1.733724
26.442147 1.600028
26.475492 1.473445
26.508836 1.358584
26.542181 1.258351
26.575525 1.174033
26.608870 1.105547
26.642214 1.051788
26.675559 1.011024
26.708903 0.981264
26.742247 0.960565
26.775592 0.947250
26.808936 0.940013
26.842281 0.937939
26.875625 0.940446
26.908970 0.947174
26.942314 0.957856
26.975659 0.972191
27.009003 0.989742
27.042347 1.009872
27.075692 1.031719
27.109036 1.054222
27.142381 1.076172
27.175725 1.096297
27.209070 1.113361
27.242414 1.126253
27.275759 1.134073
27.309103 1.136189
27.342447 1.132267
27.375792 1.122276
27.409136 1.106470
27.442481 1.085360
27.475825 1.059683
27.509170 1.030381
27.542514 0.998601
27.575859 0.965709
27.609203 0.933308
27.642548 0.903256
27.675892 0.877658
27.709236 0.858807
27.742581 0.849073
27.775925 0.850725
27.809270 0.865706
27.842614 0.895380
27.875959 0.940286
27.909303 0.999954
27.942648 1.072810
27.975992 1.156216
28.009336 1.246647
28.042681 1.340005
28.076025 1.432017
28.109370 1.518687
28.142714 1.596708
28.176059 1.663781
28.209403 1.718784
28.242748 1.761751
28.276092 1.793681
28.309436 1.816184
28.342781 1.831061
28.376125 1.839867
28.409470 1.843566
28.442814 1.842334
28.476159 1.835559
28.509503 1.822035
28.542848 1.800331
28.576192 1.769242
28.609537 1.728251
28.642881 1.677890
28.676225 1.619929
28.709570 1.557331
28.742914 1.493973
28.776259 1.434159
28.809603 1.382009
28.842948 1.340834
28.876292 1.312587
28.909637 1.297511
28.942981 1.294050
28.976325 1.299029
29.009670 1.308105
29.043014 1.316394
29.076359 1.319195
29.109703 1.312673
29.143048 1.294407
29.176392 1.263705
29.209737 1.221659
29.243081 1.170919
29.276425 1.115263
29.309770 1.059012
29.343114 1.006424
29.376459 0.961152
29.409803 0.925856
29.443148 0.902021
29.476492 0.890004
29.509837 0.889273
29.543181 0.898784
29.576526 0.917415
29.609870 0.944364
29.643214 0.979438
29.676559 1.023177
29.709903 1.076773
29.743248 1.141821
29.776592 1.219917
29.809937 1.312178
29.843281 1.418766
29.876626 1.538495
29.909970 1.668582
29.943314 1.804597
29.976659 1.940631
30.010003 2.069680
30.043348 2.184196
30.076692 2.276768
30.110037 2.340838
30.143381 2.371392
30.176726 2.365534
30.210070 2.322886
30.243414 2.245765
30.276759 2.139106
30.310103 2.010146
30.343448 1.867878
30.376792 1.722343
30.410137 1.583822
30.443481 1.461997
30.476826 1.365181
30.510170 1.299667
30.543515 1.269277
30.576859 1.275124
30.610203 1.315623
30.643548 1.386716
30.676892 1.482294
30.710237 1.594750
30.743581 1.715614
30.776926 1.836204
30.810270 1.948238
30.843615 2.044359
30.876959 2.118550
30.910303 2.166419
30.943648 2.185352
30.976992 2.174539
31.010337 2.134897
31.043681 2.068887
31.077026 1.980263
31.110370 1.873760
31.143715 1.754738
31.177059 1.628813
31.210403 1.501490
31.243748 1.377831
31.277092 1.262174
31.310437 1.157949
31.343781 1.067590
31.377126 0.992561
31.410470 0.933482
31.443815 0.890344
31.477159 0.862758
31.510504 0.850208
31.543848 0.852249
31.577192 0.868619
31.610537 0.899221
31.643881 0.943997
31.677226 1.002690
31.710570 1.074557
31.743915 1.158073
31.777259 1.250713
31.810604 1.348848
31.843948 1.447816
31.877292 1.542164
31.910637 1.626060
31.943981 1.693811
31.977326 1.740437
32.010670 1.762201
32.044015 1.757030
32.077359 1.724759
32.110704 1.667168
32.144048 1.587796
32.177392 1.491578
32.210737 1.384342
32.244081 1.272250
32.277426 1.161249
32.310770 1.056606
32.344115 0.962562
32.377459 0.882138
32.410804 0.817087
32.444148 0.767975
32.477492 0.734345
32.510837 0.714939
32.544181 0.707939
32.577526 0.711193
32.610870 0.722429
32.644215 0.739446
32.677559 0.760285
32.710904 0.783391
32.744248 0.807751
32.777593 0.833020
32.810937 0.859586
32.844281 0.888588
32.877626 0.921823
32.910970 0.961563
32.944315 1.010266
32.977659 1.070199
33.011004 1.143025
33.044348 1.229400
33.077693 1.328651
33.111037 1.438579
33.144381 1.555459
33.177726 1.674225
33.211070 1.788850
33.244415 1.892885
33.277759 1.980074
33.311104 2.044979
33.344448 2.083533
33.377793 2.093439
33.411137 2.074383
33.444481 2.028020
33.477826 1.957764
33.511170 1.868403
33.544515 1.765616
33.577859 1.655435
33.611204 1.543744
33.644548 1.435845
33.677893 1.336140
33.711237 1.247938
33.744582 1.173372
33.777926 1.113431
33.811270 1.068048
33.844615 1.036247
33.877959 1.016307
33.911304 1.005933
33.944648 1.002432
33.977993 1.002893
34.011337 1.004365
34.044682 1.004041
34.078026 0.999442
34.111370 0.988586
34.144715 0.970135
34.178059 0.943493
34.211404 0.908859
34.244748 0.867199
34.278093 0.820170
34.311437 0.769973
34.344782 0.719176
34.378126 0.670519
34.411470 0.626718
34.444815 0.590304
34.478159 0.563482
34.511504 0.548048
34.544848 0.545327
34.578193 0.556145
34.611537 0.580816
34.644882 0.619136
34.678226 0.670379
34.711571 0.733305
34.744915 0.806168
34.778259 0.886763
34.811604 0.972493
34.844948 1.060479
34.878293 1.147699
34.911637 1.231156
34.944982 1.308050
34.978326 1.375929
35.011671 1.432808
35.045015 1.477241
35.078359 1.508330
35.111704 1.525685
35.145048 1.529354
35.178393 1.519735
35.211737 1.497504
35.245082 1.463568
35.278426 1.419059
35.311771 1.365369
35.345115 1.304196
35.378459 1.237596
35.411804 1.167995
35.445148 1.098150
35.478493 1.031037
35.511837 0.969671
35.545182 0.916872
35.578526 0.875018
35.611871 0.845816
35.645215 0.830137
35.678560 0.827950
35.711904 0.838371
35.745248 0.859814
35.778593 0.890237
35.811937 0.927420
35.845282 0.969237
35.878626 1.013866
35.911971 1.059902
35.945315 1.106344
35.978660 1.152476
36.012004 1.197664
36.045348 1.241112
36.078693 1.281653
36.112037 1.317611
36.145382 1.346794
36.178726 1.366620
36.212071 1.374382
36.245415 1.367608
36.278760 1.344462
36.312104 1.304117
36.345448 1.247036
36.378793 1.175100
36.412137 1.091565
36.445482 1.000835
36.478826 0.908087
36.512171 0.818786
36.545515 0.738172
36.578860 0.670774
36.612204 0.620012
36.645549 0.587947
36.678893 0.575175
36.712237 0.580889
36.745582 0.603063
36.778926 0.638728
36.812271 0.684306
36.845615 0.735933
36.878960 0.789752
36.912304 0.842157
36.945649 0.889962
36.978993 0.930504
37.012337 0.961710
37.045682 0.982107
37.079026 0.990825
37.112371 0.987587
37.145715 0.972682
37.179060 0.946940
37.212404 0.911686
37.245749 0.868666
37.279093 0.819954
37.312437 0.767824
37.345782 0.714595
37.379126 0.662469
37.412471 0.613370
37.445815 0.568805
37.479160 0.529765
37.512504 0.496681
37.545849 0.469435
37.579193 0.447436
37.612538 0.429749
37.645882 0.415252
37.679226 0.402817
37.712571 0.391482
37.745915 0.380594
37.779260 0.369906
37.812604 0.359619
37.845949 0.350356
37.879293 0.343077
37.912638 0.338944
37.945982 0.339156
37.979326 0.344768
38.012671 0.356528
38.046015 0.374749
38.079360 0.399232
38.112704 0.429256
38.146049 0.463633
38.179393 0.500822
38.212738 0.539080
38.246082 0.576639
38.279426 0.611873
38.312771 0.643434
38.346115 0.670340
38.379460 0.692008
38.412804 0.708223
38.446149 0.719074
38.479493 0.724854
38.512838 0.725967
38.546182 0.722848
38.579527 0.715933
38.612871 0.705662
38.646215 0.692534
38.679560 0.677174
38.712904 0.660416
38.746249 0.643342
38.779593 0.627284
38.812938 0.613756
38.846282 0.604316
38.879627 0.600381
38.912971 0.603011
38.946315 0.612712
38.979660 0.629279
39.013004 0.651736
39.046349 0.678373
39.079693 0.706900
39.113038 0.734695
39.146382 0.759116
39.179727 0.777833
39.213071 0.789129
39.246415 0.792120
39.279760 0.786870
39.313104 0.774375
39.346449 0.756432
39.379793 0.735403
39.413138 0.713923
39.446482 0.694590
39.479827 0.679692
39.513171 0.670985
39.546516 0.669560
39.579860 0.675802
39.613204 0.689425
39.646549 0.709562
39.679893 0.734897
39.713238 0.763805
39.746582 0.794488
39.779927 0.825103
39.813271 0.853881
39.846616 0.879245
39.879960 0.899937
39.913304 0.915152
39.946649 0.924686
39.979993 0.929065
40.013338 0.929643
40.046682 0.928631
40.080027 0.929030
40.113371 0.934446
40.146716 0.948790
40.180060 0.975868
40.213404 1.018915
40.246749 1.080115
40.280093 1.160189
40.313438 1.258100
40.346782 1.370946
40.380127 1.494062
40.413471 1.621338
40.446816 1.745726
40.480160 1.859876
40.513505 1.956830
40.546849 2.030669
40.580193 2.077062
40.613538 2.093620
40.646882 2.080031
40.680227 2.037973
40.713571 1.970819
40.746916 1.883189
40.780260 1.780426
40.813605 1.668057
40.846949 1.551315
40.880293 1.434777
40.913638 1.322142
40.946982 1.216153
40.980327 1.118643
41.013671 1.030684
41.047016 0.952761
41.080360 0.884967
41.113705 0.827147
41.147049 0.778990
41.180393 0.740062
41.213738 0.709770
41.247082 0.687319
41.280427 0.671644
41.313771 0.661390
41.347116 0.654927
41.380460 0.650444
41.413805 0.646089
41.447149 0.640170
41.480493 0.631360
41.513838 0.618909
41.547182 0.602796
41.580527 0.583816
41.613871 0.563569
41.647216 0.544354
41.680560 0.528962
41.713905 0.520399
41.747249 0.521562
41.780594 0.534906
41.813938 0.562144
41.847282 0.604007
41.880627 0.660100
41.913971 0.728869
41.947316 0.807683
41.980660 0.893018
42.014005 0.980735
42.047349 1.066405
42.080694 1.145663
42.114038 1.214545
42.147382 1.269775
42.180727 1.308987
42.214071 1.330846
42.247416 1.335084
42.280760 1.322442
42.314105 1.294531
42.347449 1.253647
42.380794 1.202550
42.414138 1.144232
42.447482 1.081709
42.480827 1.017838
42.514171 0.955177
42.547516 0.895890
42.580860 0.841702
42.614205 0.793886
42.647549 0.753282
42.680894 0.720342
42.714238 0.695184
42.747583 0.677651
42.780927 0.667379
42.814271 0.663851
42.847616 0.666449
42.880960 0.674496
42.914305 0.687290
42.947649 0.704121
42.980994 0.724280
43.014338 0.747051
43.047683 0.771701
43.081027 0.797460
43.114371 0.823502
43.147716 0.848936
43.181060 0.872805
43.214405 0.894106
43.247749 0.911827
43.281094 0.925003
43.314438 0.932790
43.347783 0.934533
43.381127 0.929851
43.414471 0.918688
43.447816 0.901364
43.481160 0.878578
43.514505 0.851396
43.547849 0.821195
43.581194 0.789587
43.614538 0.758315
43.647883 0.729137
43.681227 0.703703
43.714572 0.683437
43.747916 0.669424
43.781260 0.662321
43.814605 0.662293
43.847949 0.668978
43.881294 0.681481
43.914638 0.698425
43.947983 0.718021
43.981327 0.738192
44.014672 0.756725
44.048016 0.771446
44.081360 0.780405
44.114705 0.782055
44.148049 0.775403
44.181394 0.760111
44.214738 0.736548
44.248083 0.705763
44.281427 0.669397
44.314772 0.629530
44.348116 0.588491
44.381460 0.548648
44.414805 0.512196
44.448149 0.480989
44.481494 0.456411
44.514838 0.439315
44.548183 0.430022
44.581527 0.428373
44.614872 0.433827
44.648216 0.445565
44.681561 0.462608
44.714905 0.483902
44.748249 0.508378
44.781594 0.534987
44.814938 0.562696
44.848283 0.590480
44.881627 0.617309
44.914972 0.642148
44.948316 0.663984
44.981661 0.681877
45.015005 0.695025
45.048349 0.702850
45.081694 0.705064
45.115038 0.701722
45.148383 0.693235
45.181727 0.680337
45.215072 0.664014
45.248416 0.645398
45.281761 0.625650
45.315105 0.605831
45.348449 0.586812
45.381794 0.569207
45.415138 0.553350
45.448483 0.539317
45.481827 0.526982
45.515172 0.516086
45.548516 0.506315
45.581861 0.497361
45.615205 0.488964
45.648550 0.480918
45.681894 0.473066
45.715238 0.465269
45.748583 0.457379
45.781927 0.449221
45.815272 0.440594
45.848616 0.431301
45.881961 0.421191
45.915305 0.410216
45.948650 0.398484
45.981994 0.386289
46.015338 0.374112
46.048683 0.362581
46.082027 0.352400
46.115372 0.344242
46.148716 0.338641
46.182061 0.335893
46.215405 0.335987
46.248750 0.338584
46.282094 0.343057
46.315438 0.348570
46.348783 0.354213
46.382127 0.359143
46.415472 0.362730
46.448816 0.364665
46.482161 0.365023
46.515505 0.364269
46.548850 0.363195
46.582194 0.362815
46.615539 0.364230
46.648883 0.368473
46.682227 0.376388
46.715572 0.388533
46.748916 0.405133
46.782261 0.426086
46.815605 0.451010
46.848950 0.479315
46.882294 0.510291
46.915639 0.543178
46.948983 0.577221
46.982327 0.611690
47.015672 0.645868
47.049016 0.679028
47.082361 0.710400
47.115705 0.739149
47.149050 0.764386
47.182394 0.785213
47.215739 0.800800
47.249083 0.810494
47.282427 0.813935
47.315772 0.811155
47.349116 0.802643
47.382461 0.789349
47.415805 0.772631
47.449150 0.754118
47.482494 0.735535
47.515839 0.718489
47.549183 0.704260
47.582528 0.693619
47.615872 0.686722
47.649216 0.683070
47.682561 0.681580
47.715905 0.680727
47.749250 0.678757
47.782594 0.673933
47.815939 0.664779
47.849283 0.650283
47.882628 0.630035
47.915972 0.604274
47.949316 0.573844
47.982661 0.540076
48.016005 0.504601
48.049350 0.469144
48.082694 0.435317
48.116039 0.404454
48.149383 0.377497
48.182728 0.354952
48.216072 0.336914
48.249416 0.323145
48.282761 0.313177
48.316105 0.306432
48.349450 0.302324
48.382794 0.300334
48.416139 0.300039
48.449483 0.301114
48.482828 0.303299
48.516172 0.306361
48.549517 0.310053
48.582861 0.314094
48.616205 0.318180
48.649550 0.322007
48.682894 0.325329
48.716239 0.328005
48.749583 0.330049
48.782928 0.331643
48.816272 0.333128
48.849617 0.334950
48.882961 0.337583
48.916305 0.341433
48.949650 0.346747
48.982994 0.353546
49.016339 0.361584
49.049683 0.370371
49.083028 0.379226
49.116372 0.387376
49.149717 0.394069
49.183061 0.398693
49.216405 0.400870
49.249750 0.400515
49.283094 0.397849
49.316439 0.393363
49.349783 0.387748
49.383128 0.381798
49.416472 0.376314
49.449817 0.372012
49.483161 0.369468
49.516506 0.369086
49.549850 0.371103
49.583194 0.375612
49.616539 0.382603
49.649883 0.391989
49.683228 0.403633
49.716572 0.417336
49.749917 0.432825
49.783261 0.449718
49.816606 0.467490
49.849950 0.485456
49.883294 0.502782
49.916639 0.518522
49.949983 0.531689
49.983328 0.541350
50.016672 0.546730
50.050017 0.547305
50.083361 0.542872
50.116706 0.533579
50.150050 0.519913
50.183394 0.502644
50.216739 0.482743
50.250083 0.461279
50.283428 0.439325
50.316772 0.417876
50.350117 0.397802
50.383461 0.379825
50.416806 0.364530
50.450150 0.352384
50.483494 0.343759
50.516839 0.338939
50.550183 0.338104
50.583528 0.341293
50.616872 0.348344
50.650217 0.358840
50.683561 0.372059
50.716906 0.386973
50.750250 0.402288
50.783595 0.416536
50.816939 0.428227
50.850283 0.436025
50.883628 0.438928
50.916972 0.436427
50.950317 0.428612
50.983661 0.416196
51.017006 0.400451
51.050350 0.383067
51.083695 0.365940
51.117039 0.350924
51.150383 0.339593
51.183728 0.333032
51.217072 0.331708
51.250417 0.335422
51.283761 0.343362
51.317106 0.354235
51.350450 0.366458
51.383795 0.378380
51.417139 0.388491
51.450483 0.395598
51.483828 0.398939
51.517172 0.398223
51.550517 0.393608
51.583861 0.385619
51.617206 0.375038
51.650550 0.362775
51.683895 0.349761
51.717239 0.336858
51.750584 0.324807
51.783928 0.314205
51.817272 0.305513
51.850617 0.299067
51.883961 0.295094
51.917306 0.293717
51.950650 0.294950
51.983995 0.298674
52.017339 0.304610
52.050684 0.312306
52.084028 0.321127
52.117372 0.330278
52.150717 0.338856
52.184061 0.345924
52.217406 0.350604
52.250750 0.352170
52.284095 0.350140
52.317439 0.344332
52.350784 0.334892
52.384128 0.322283
52.417472 0.307227
52.450817 0.290634
52.484161 0.273497
52.517506 0.256791
52.550850 0.241387
52.584195 0.227977
52.617539 0.217034
52.650884 0.208802
52.684228 0.203307
52.717573 0.200394
52.750917 0.199773
52.784261 0.201071
52.817606 0.203885
52.850950 0.207823
52.884295 0.212546
52.917639 0.217788
52.950984 0.223380
52.984328 0.229257
53.017673 0.235459
53.051017 0.242116
53.084361 0.249430
53.117706 0.257638
53.151050 0.266964
53.184395 0.277570
53.217739 0.289502
53.251084 0.302643
53.284428 0.316689
53.317773 0.331145
53.351117 0.345358
53.384461 0.358571
53.417806 0.370020
53.451150 0.379024
53.484495 0.385098
53.517839 0.388029
53.551184 0.387933
53.584528 0.385259
53.617873 0.380746
53.651217 0.375335
53.684562 0.370043
53.717906 0.365827
53.751250 0.363456
53.784595 0.363402
53.817939 0.365796
53.851284 0.370425
53.884628 0.376795
53.917973 0.384236
53.951317 0.392036
53.984662 0.399568
54.018006 0.406404
54.051350 0.412378
54.084695 0.417588
54.118039 0.422351
54.151384 0.427103
54.184728 0.432279
54.218073 0.438191
54.251417 0.444943
54.284762 0.452386
54.318106 0.460150
54.351450 0.467732
54.384795 0.474631
54.418139 0.480511
54.451484 0.485350
54.484828 0.489538
54.518173 0.493915
54.551517 0.499707
54.584862 0.508378
54.618206 0.521413
54.651551 0.540057
54.684895 0.565055
54.718239 0.596443
54.751584 0.633414
54.784928 0.674313
54.818273 0.716739
54.851617 0.757769
54.884962 0.794264
54.918306 0.823220
54.951651 0.842108
54.984995 0.849158
55.018339 0.843553
55.051684 0.825498
55.085028 0.796162
55.118373 0.757512
55.151717 0.712062
55.185062 0.662578
55.218406 0.611782
55.251751 0.562103
55.285095 0.515491
55.318439 0.473316
55.351784 0.436357
55.385128 0.404863
55.418473 0.378660
55.451817 0.357289
55.485162 0.340131
55.518506 0.326516
55.551851 0.315799
55.585195 0.307394
55.618540 0.300782
55.651884 0.295502
55.685228 0.291137
55.718573 0.287306
55.751917 0.283673
55.785262 0.279968
55.818606 0.276017
55.851951 0.271772
55.885295 0.267327
55.918640 0.262914
55.951984 0.258873
55.985328 0.255597
56.018673 0.253464
56.052017 0.252756
56.085362 0.253596
56.118706 0.255901
56.152051 0.259372
56.185395 0.263517
56.218740 0.267709
56.252084 0.271265
56.285428 0.273541
56.318773 0.274021
56.352117 0.272381
56.385462 0.268538
56.418806 0.262652
56.452151 0.255109
56.485495 0.246466
56.518840 0.237387
56.552184 0.228573
56.585529 0.220686
56.618873 0.214300
56.652217 0.209855
56.685562 0.207632
56.718906 0.207746
56.752251 0.210143
56.785595 0.214612
56.818940 0.220804
56.852284 0.228252
56.885629 0.236398
56.918973 0.244634
56.952317 0.252343
56.985662 0.258947
57.019006 0.263961
57.052351 0.267042
57.085695 0.268029
57.119040 0.266969
57.152384 0.264117
57.185729 0.259913
57.219073 0.254943
57.252417 0.249878
57.285762 0.245399
57.319106 0.242135
57.352451 0.240606
57.385795 0.241182
57.419140 0.244066
57.452484 0.249300
57.485829 0.256787
57.519173 0.266317
57.552518 0.277597
57.585862 0.290277
57.619206 0.303958
57.652551 0.318198
57.685895 0.332506
57.719240 0.346339
57.752584 0.359108
57.785929 0.370200
57.819273 0.379022
57.852618 0.385052
57.885962 0.387911
57.919306 0.387430
57.952651 0.383695
57.985995 0.377073
58.019340 0.368196
58.052684 0.357905
58.086029 0.347160
58.119373 0.336922
58.152718 0.328038
58.186062 0.321121
58.219406 0.316481
58.252751 0.314089
58.286095 0.313592
58.319440 0.314378
58.352784 0.315682
58.386129 0.316703
58.419473 0.316727
58.452818 0.315224
58.486162 0.311912
58.519507 0.306774
58.552851 0.300032
58.586195 0.292091
58.619540 0.283451
58.652884 0.274627
58.686229 0.266075
58.719573 0.258151
58.752918 0.251093
58.786262 0.245037
58.819607 0.240057
58.852951 0.236204
58.886295 0.233556
58.919640 0.232232
58.952984 0.232395
58.986329 0.234220
59.019673 0.237848
59.053018 0.243321
59.086362 0.250532
59.119707 0.259183
59.153051 0.268776
59.186395 0.278632
59.219740 0.287956
59.253084 0.295908
59.286429 0.301703
59.319773 0.304700
59.353118 0.304477
59.386462 0.300879
59.419807 0.294028
59.453151 0.284304
59.486495 0.272295
59.519840 0.258722
59.553184 0.244366
59.586529 0.229995
59.619873 0.216298
59.653218 0.203851
59.686562 0.193090
59.719907 0.184308
59.753251 0.177666
59.786596 0.173201
59.819940 0.170850
59.853284 0.170455
59.886629 0.171775
59.919973 0.174498
59.953318 0.178244
59.986662 0.182585
60.020007 0.187067
60.053351 0.191238
60.086696 0.194688
60.120040 0.197083
60.153384 0.198200
60.186729 0.197948
60.220073 0.196370
60.253418 0.193640
60.286762 0.190022
60.320107 0.185841
60.353451 0.181432
60.386796 0.177100
60.420140 0.173097
60.453484 0.169602
60.486829 0.166740
60.520173 0.164595
60.553518 0.163250
60.586862 0.162819
60.620207 0.163469
60.653551 0.165429
60.686896 0.168966
60.720240 0.174351
60.753585 0.181796
60.786929 0.191386
60.820273 0.203024
60.853618 0.216379
60.886962 0.230878
60.920307 0.245729
60.953651 0.259981
60.986996 0.272614
61.020340 0.282654
61.053685 0.289288
61.087029 0.291963
61.120373 0.290456
61.153718 0.284904
61.187062 0.275783
61.220407 0.263850
61.253751 0.250041
61.287096 0.235356
61.320440 0.220747
61.353785 0.207018
61.387129 0.194756
61.420473 0.184310
61.453818 0.175801
61.487162 0.169176
61.520507 0.164280
61.553851 0.160934
61.587196 0.159006
61.620540 0.158455
61.653885 0.159347
61.687229 0.161834
61.720574 0.166106
61.753918 0.172321
61.787262 0.180540
61.820607 0.190664
61.853951 0.202408
61.887296 0.215295
61.920640 0.228700
61.953985 0.241909
61.987329 0.254213
62.020674 0.264996
62.054018 0.273816
62.087362 0.280462
62.120707 0.284975
62.154051 0.287628
62.187396 0.288879
62.220740 0.289283
62.254085 0.289409
62.287429 0.289738
62.320774 0.290593
62.354118 0.292090
62.387462 0.294121
62.420807 0.296379
62.454151 0.298405
62.487496 0.299663
62.520840 0.299622
62.554185 0.297837
62.587529 0.294013
62.620874 0.288051
62.654218 0.280065
62.687563 0.270370
62.720907 0.259447
62.754251 0.247892
62.787596 0.236349
62.820940 0.225443
62.854285 0.215722
62.887629 0.207599
62.920974 0.201322
62.954318 0.196956
62.987663 0.194382
63.021007 0.193322
63.054351 0.193371
63.087696 0.194045
63.121040 0.194836
63.154385 0.195265
63.187729 0.194935
63.221074 0.193569
63.254418 0.191038
63.287763 0.187362
63.321107 0.182709
63.354451 0.177354
63.387796 0.171645
63.421140 0.165948
63.454485 0.160598
63.487829 0.155854
63.521174 0.151867
63.554518 0.148667
63.587863 0.146169
63.621207 0.144200
63.654552 0.142532
63.687896 0.140931
63.721240 0.139199
63.754585 0.137218
63.787929 0.134965
63.821274 0.132527
63.854618 0.130088
63.887963 0.127904
63.921307 0.126270
63.954652 0.125474
63.987996 0.125762
64.021340 0.127304
64.054685 0.130170
64.088029 0.134321
64.121374 0.139612
64.154718 0.145803
64.188063 0.152584
64.221407 0.159601
64.254752 0.166488
64.288096 0.172897
64.321440 0.178533
64.354785 0.183177
64.388129 0.186713
64.421474 0.189139
64.454818 0.190576
64.488163 0.191263
64.521507 0.191540
64.554852 0.191814
64.588196 0.192517
64.621541 0.194058
64.654885 0.196765
64.688229 0.200839
64.721574 0.206314
64.754918 0.213039
64.788263 0.220684
64.821607 0.228764
64.854952 0.236698
64.888296 0.243868
64.921641 0.249704
64.954985 0.253748
64.988329 0.255718
65.021674 0.255539
65.055018 0.253357
65.088363 0.249509
65.121707 0.244486
65.155052 0.238858
65.188396 0.233209
65.221741 0.228059
65.255085 0.223810
65.288429 0.220701
65.321774 0.218795
65.355118 0.217984
65.388463 0.218012
65.421807 0.218515
65.455152 0.219067
65.488496 0.219225
65.521841 0.218569
65.555185 0.216736
65.588530 0.213448
65.621874 0.208523
65.655218 0.201892
65.688563 0.193598
65.721907 0.183803
65.755252 0.172779
65.788596 0.160902
65.821941 0.148631
65.855285 0.136483
65.888630 0.124999
65.921974 0.114700
65.955318 0.106044
65.988663 0.099379
66.022007 0.094912
66.055352 0.092686
66.088696 0.092575
66.122041 0.094300
66.155385 0.097464
66.188730 0.101596
66.222074 0.106206
66.255418 0.110835
66.288763 0.115101
66.322107 0.118730
66.355452 0.121564
66.388796 0.123561
66.422141 0.124773
66.455485 0.125319
66.488830 0.125350
66.522174 0.125022
66.555519 0.124470
66.588863 0.123796
66.622207 0.123058
66.655552 0.122279
66.688896 0.121449
66.722241 0.120536
66.755585 0.119493
66.788930 0.118267
66.822274 0.116803
66.855619 0.115048
66.888963 0.112959
66.922307 0.110510
66.955652 0.107701
66.988996 0.104576
67.022341 0.101223
67.055685 0.097788
67.089030 0.094468
67.122374 0.091497
67.155719 0.089123
67.189063 0.087573
67.222407 0.087016
67.255752 0.087530
67.289096 0.089071
67.322441 0.091465
67.355785 0.094415
67.389130 0.097524
67.422474 0.100344
67.455819 0.102427
67.489163 0.103384
67.522508 0.102937
67.555852 0.100954
67.589196 0.097468
67.622541 0.092672
67.655885 0.086893
67.689230 0.080553
67.722574 0.074124
67.755919 0.068077
67.789263 0.062845
67.822608 0.058794
67.855952 0.056211
67.889296 0.055303
67.922641 0.056202
67.955985 0.058978
67.989330 0.063649
68.022674 0.070178
68.056019 0.078477
68.089363 0.088389
68.122708 0.099682
68.156052 0.112040
68.189396 0.125060
68.222741 0.138268
68.256085 0.151140
68.289430 0.163143
68.322774 0.173779
68.356119 0.182625
68.389463 0.189381
68.422808 0.193887
68.456152 0.196135
68.489496 0.196263
68.522841 0.194525
68.556185 0.191258
68.589530 0.186839
68.622874 0.181645
68.656219 0.176023
68.689563 0.170269
68.722908 0.164623
68.756252 0.159265
68.789597 0.154330
68.822941 0.149915
68.856285 0.146086
68.889630 0.142880
68.922974 0.140301
68.956319 0.138313
68.989663 0.136828
69.023008 0.135705
69.056352 0.134757
69.089697 0.133759
69.123041 0.132483
69.156385 0.130725
69.189730 0.128347
69.223074 0.125303
69.256419 0.121663
69.289763 0.117613
69.323108 0.113440
69.356452 0.109495
69.389797 0.106144
69.423141 0.103717
69.456485 0.102452
69.489830 0.102460
69.523174 0.103701
69.556519 0.105993
69.589863 0.109033
69.623208 0.112449
69.656552 0.115849
69.689897 0.118885
69.723241 0.121296
69.756586 0.122948
69.789930 0.123838
69.823274 0.124084
69.856619 0.123894
69.889963 0.123522
69.923308 0.123211
69.956652 0.123150
69.989997 0.123438
70.023341 0.124061
70.056686 0.124898
70.090030 0.125742
70.123374 0.126329
70.156719 0.126389
70.190063 0.125690
70.223408 0.124072
70.256752 0.121484
70.290097 0.117986
70.323441 0.113751
70.356786 0.109040
70.390130 0.104171
70.423474 0.099478
70.456819 0.095272
70.490163 0.091801
70.523508 0.089220
70.556852 0.087581
70.590197 0.086824
70.623541 0.086792
70.656886 0.087252
70.690230 0.087928
70.723575 0.088540
70.756919 0.088838
70.790263 0.088637
70.823608 0.087841
70.856952 0.086453
70.890297 0.084579
70.923641 0.082410
70.956986 0.080199
70.990330 0.078227
71.023675 0.076768
71.057019 0.076050
71.090363 0.076235
71.123708 0.077394
71.157052 0.079514
71.190397 0.082502
71.223741 0.086214
71.257086 0.090485
71.290430 0.095166
71.323775 0.100152
71.357119 0.105406
71.390463 0.110967
71.423808 0.116937
71.457152 0.123463
71.490497 0.130698
71.523841 0.138759
71.557186 0.147690
71.590530 0.157424
71.623875 0.167767
71.657219 0.178401
71.690564 0.188898
71.723908 0.198760
71.757252 0.207466
71.790597 0.214529
71.823941 0.219549
71.857286 0.222258
71.890630 0.222548
71.923975 0.220487
71.957319 0.216308
71.990664 0.210394
72.024008 0.203243
72.057352 0.195427
72.090697 0.187552
72.124041 0.180223
72.157386 0.174013
72.190730 0.169434
72.224075 0.166925
72.257419 0.166830
72.290764 0.169388
72.324108 0.174717
72.357452 0.182800
72.390797 0.193470
72.424141 0.206401
72.457486 0.221104
72.490830 0.236936
72.524175 0.253129
72.557519 0.268830
72.590864 0.283158
72.624208 0.295271
72.657553 0.304443
72.690897 0.310129
72.724241 0.312018
72.757586 0.310071
72.790930 0.304526
72.824275 0.295875
72.857619 0.284818
72.890964 0.272195
72.924308 0.258900
72.957653 0.245804
72.990997 0.233677
73.024341 0.223127
73.057686 0.214567
73.091030 0.208200
73.124375 0.204028
73.157719 0.201882
73.191064 0.201459
73.224408 0.202369
73.257753 0.204173
73.291097 0.206423
73.324441 0.208688
73.357786 0.210570
73.391130 0.211723
73.424475 0.211853
73.457819 0.210730
73.491164 0.208194
73.524508 0.204168
73.557853 0.198663
73.591197 0.191789
73.624542 0.183755
73.657886 0.174864
73.691230 0.165492
73.724575 0.156063
73.757919 0.147008
73.791264 0.138725
73.824608 0.131541
73.857953 0.125670
73.891297 0.121201
73.924642 0.118086
73.957986 0.116151
73.991330 0.115127
74.024675 0.114682
74.058019 0.114469
74.091364 0.114161
74.124708 0.113492
74.158053 0.112277
74.191397 0.110416
74.224742 0.107897
74.258086 0.104775
74.291430 0.101151
74.324775 0.097148
74.358119 0.092893
74.391464 0.088501
74.424808 0.084072
74.458153 0.079693
74.491497 0.075448
74.524842 0.071428
74.558186 0.067743
74.591531 0.064522
74.624875 0.061914
74.658219 0.060076
74.691564 0.059152
74.724908 0.059258
74.758253 0.060456
74.791597 0.062737
74.824942 0.066008
74.858286 0.070098
74.891631 0.074761
74.924975 0.079700
74.958319 0.084596
74.991664 0.089137
75.025008 0.093057
75.058353 0.096161
75.091697 0.098349
75.125042 0.099629
75.158386 0.100112
75.191731 0.100003
75.225075 0.099575
75.258419 0.099136
75.291764 0.098987
75.325108 0.099388
75.358453 0.100519
75.391797 0.102453
75.425142 0.105143
75.458486 0.108424
75.491831 0.112024
75.525175 0.115601
75.558520 0.118781
75.591864 0.121207
75.625208 0.122583
75.658553 0.122723
75.691897 0.121570
75.725242 0.119212
75.758586 0.115871
75.791931 0.111876
75.825275 0.107621
75.858620 0.103509
75.891964 0.099904
75.925308 0.097079
75.958653 0.095184
75.991997 0.094234
76.025342 0.094109
76.058686 0.094584
76.092031 0.095371
76.125375 0.096166
76.158720 0.096703
76.192064 0.096798
76.225408 0.096378
76.258753 0.095493
76.292097 0.094310
76.325442 0.093083
76.358786 0.092118
76.392131 0.091728
76.425475 0.092183
76.458820 0.093671
76.492164 0.096276
76.525509 0.099963
76.558853 0.104584
76.592197 0.109891
76.625542 0.115572
76.658886 0.121279
76.692231 0.126665
76.725575 0.131415
76.758920 0.135271
76.792264 0.138045
76.825609 0.139630
76.858953 0.139999
76.892297 0.139193
76.925642 0.137316
76.958986 0.134518
76.992331 0.130983
77.025675 0.126911
77.059020 0.122514
77.092364 0.117994
77.125709 0.113545
77.159053 0.109336
77.192397 0.105507
77.225742 0.102166
77.259086 0.099380
77.292431 0.097175
77.325775 0.095536
77.359120 0.094407
77.392464 0.093696
77.425809 0.093281
77.459153 0.093021
77.492497 0.092763
77.525842 0.092357
77.559186 0.091669
77.592531 0.090592
77.625875 0.089062
77.659220 0.087060
77.692564 0.084625
77.725909 0.081851
77.759253 0.078879
77.792598 0.075893
77.825942 0.073097
77.859286 0.070700
77.892631 0.068887
77.925975 0.067809
77.959320 0.067556
77.992664 0.068151
78.026009 0.069546
78.059353 0.071632
78.092698 0.074250
78.126042 0.077213
78.159386 0.080336
78.192731 0.083455
78.226075 0.086450
78.259420 0.089259
78.292764 0.091881
78.326109 0.094369
78.359453 0.096816
78.392798 0.099332
78.426142 0.102016
78.459486 0.104936
78.492831 0.108106
78.526175 0.111473
78.559520 0.114917
78.592864 0.118258
78.626209 0.121274
78.659553 0.123724
78.692898 0.125375
78.726242 0.126031
78.759587 0.125559
78.792931 0.123899
78.826275 0.121081
78.859620 0.117221
78.892964 0.112509
78.926309 0.107197
78.959653 0.101572
78.992998 0.095931
79.026342 0.090557
79.059687 0.085695
79.093031 0.081533
79.126375 0.078195
79.159720 0.075731
79.193064 0.074129
79.226409 0.073320
79.259753 0.073195
79.293098 0.073621
79.326442 0.074462
79.359787 0.075587
79.393131 0.076882
79.426475 0.078254
79.459820 0.079624
79.493164 0.080924
79.526509 0.082084
79.559853 0.083029
79.593198 0.083668
79.626542 0.083901
79.659887 0.083623
79.693231 0.082739
79.726576 0.081184
79.759920 0.078939
79.793264 0.076052
79.826609 0.072643
79.859953 0.068904
79.893298 0.065091
79.926642 0.061495
79.959987 0.058419
79.993331 0.056140
80.026676 0.054877
80.060020 0.054768
80.093364 0.055854
80.126709 0.058083
80.160053 0.061316
80.193398 0.065361
80.226742 0.069993
80.260087 0.074995
80.293431 0.080178
80.326776 0.085406
80.360120 0.090596
80.393464 0.095716
80.426809 0.100769
80.460153 0.105772
80.493498 0.110734
80.526842 0.115635
80.560187 0.120421
80.593531 0.125001
80.626876 0.129255
80.660220 0.133053
80.693565 0.136274
80.726909 0.138821
80.760253 0.140637
80.793598 0.141708
80.826942 0.142056
80.860287 0.141729
80.893631 0.140780
80.926976 0.139252
80.960320 0.137162
80.993665 0.134494
81.027009 0.131204
81.060353 0.127231
81.093698 0.122519
81.127042 0.117038
81.160387 0.110809
81.193731 0.103917
81.227076 0.096521
81.260420 0.088846
81.293765 0.081171
81.327109 0.073800
81.360453 0.067032
81.393798 0.061135
81.427142 0.056313
81.460487 0.052693
81.493831 0.050312
81.527176 0.049124
81.560520 0.049008
81.593865 0.049790
81.627209 0.051268
81.660554 0.053230
81.693898 0.055480
81.727242 0.057855
81.760587 0.060227
81.793931 0.062517
81.827276 0.064685
81.860620 0.066725
81.893965 0.068658
81.927309 0.070518
81.960654 0.072342
81.993998 0.074160
82.027342 0.075986
82.060687 0.077814
82.094031 0.079611
82.127376 0.081319
82.160720 0.082859
82.194065 0.084134
82.227409 0.085044
82.260754 0.085489
82.294098 0.085387
82.327442 0.084682
82.360787 0.083354
82.394131 0.081429
82.427476 0.078974
82.460820 0.076098
82.494165 0.072949
82.527509 0.069695
82.560854 0.066518
82.594198 0.063596
82.627543 0.061092
82.660887 0.059143
82.694231 0.057847
82.727576 0.057262
82.760920 0.057403
82.794265 0.058238
82.827609 0.059700
82.860954 0.061683
82.894298 0.064057
82.927643 0.066675
82.960987 0.069382
82.994331 0.072029
83.027676 0.074481
83.061020 0.076629
83.094365 0.078396
83.127709 0.079741
83.161054 0.080657
83.194398 0.081169
83.227743 0.081323
83.261087 0.081172
83.294431 0.080766
83.327776 0.080140
83.361120 0.079301
83.394465 0.078232
83.427809 0.076891
83.461154 0.075225
83.494498 0.073178
83.527843 0.070713
83.561187 0.067824
83.594532 0.064552
83.627876 0.060983
83.661220 0.057250
83.694565 0.053520
83.727909 0.049978
83.761254 0.046806
83.794598 0.044160
83.827943 0.042154
83.861287 0.040848
83.894632 0.040243
83.927976 0.040285
83.961320 0.040873
83.994665 0.041878
84.028009 0.043158
84.061354 0.044573
84.094698 0.046003
84.128043 0.047353
84.161387 0.048561
84.194732 0.049597
84.228076 0.050463
84.261420 0.051187
84.294765 0.051818
84.328109 0.052424
84.361454 0.053078
84.394798 0.053860
84.428143 0.054844
84.461487 0.056087
84.494832 0.057625
84.528176 0.059456
84.561521 0.061536
84.594865 0.063779
84.628209 0.066050
84.661554 0.068184
84.694898 0.069998
84.728243 0.071313
84.761587 0.071975
84.794932 0.071885
84.828276 0.071006
84.861621 0.069381
84.894965 0.067123
84.928309 0.064406
84.961654 0.061438
84.994998 0.058441
85.028343 0.055613
85.061687 0.053113
85.095032 0.051037
85.128376 0.049419
85.161721 0.048235
85.195065 0.047419
85.228409 0.046884
85.261754 0.046547
85.295098 0.046345
85.328443 0.046253
85.361787 0.046278
85.395132 0.046458
85.428476 0.046848
85.461821 0.047497
85.495165 0.048432
85.528510 0.049644
85.561854 0.051086
85.595198 0.052666
85.628543 0.054266
85.661887 0.055753
85.695232 0.056996
85.728576 0.057887
85.761921 0.058348
85.795265 0.058336
85.828610 0.057849
85.861954 0.056912
85.895298 0.055575
85.928643 0.053901
85.961987 0.051965
85.995332 0.049846
86.028676 0.047638
86.062021 0.045444
86.095365 0.043390
86.128710 0.041617
86.162054 0.040284
86.195398 0.039553
86.228743 0.039571
86.262087 0.040455
86.295432 0.042265
86.328776 0.044993
86.362121 0.048550
86.395465 0.052772
86.428810 0.057429
86.462154 0.062251
86.495498 0.066957
86.528843 0.071286
86.562187 0.075028
86.595532 0.078044
86.628876 0.080277
86.662221 0.081750
86.695565 0.082554
86.728910 0.082827
86.762254 0.082726
86.795599 0.082407
86.828943 0.081999
86.862287 0.081595
86.895632 0.081243
86.928976 0.080952
86.962321 0.080700
86.995665 0.080446
87.029010 0.080142
87.062354 0.079742
87.095699 0.079213
87.129043 0.078531
87.162387 0.077684
87.195732 0.076669
87.229076 0.075486
87.262421 0.074140
87.295765 0.072636
87.329110 0.070982
87.362454 0.069192
87.395799 0.067289
87.429143 0.065305
87.462487 0.063283
87.495832 0.061275
87.529176 0.059337
87.562521 0.057525
87.595865 0.055892
87.629210 0.054488
87.662554 0.053356
87.695899 0.052535
87.729243 0.052061
87.762588 0.051970
87.795932 0.052298
87.829276 0.053072
87.862621 0.054310
87.895965 0.056003
87.929310 0.058112
87.962654 0.060553
87.995999 0.063194
88.029343 0.065860
88.062688 0.068338
88.096032 0.070402
88.129376 0.071835
88.162721 0.072456
88.196065 0.072152
88.229410 0.070897
88.262754 0.068767
88.296099 0.065933
88.329443 0.062655
88.362788 0.059249
88.396132 0.056056
88.429476 0.053397
88.462821 0.051538
88.496165 0.050657
88.529510 0.050819
88.562854 0.051972
88.596199 0.053950
88.629543 0.056496
88.662888 0.059291
88.696232 0.061990
88.729577 0.064262
88.762921 0.065823
88.796265 0.066465
88.829610 0.066077
88.862954 0.064649
88.896299 0.062273
88.929643 0.059129
88.962988 0.055464
88.996332 0.051571
89.029677 0.047755
89.063021 0.044311
89.096365 0.041501
89.129710 0.039528
89.163054 0.038532
89.196399 0.038573
89.229743 0.039640
89.263088 0.041649
89.296432 0.044461
89.329777 0.047891
89.363121 0.051727
89.396465 0.055746
89.429810 0.059727
89.463154 0.063469
89.496499 0.066794
89.529843 0.069558
89.563188 0.071654
89.596532 0.073017
89.629877 0.073617
89.663221 0.073468
89.696566 0.072621
89.729910 0.071164
89.763254 0.069220
89.796599 0.066936
89.829943 0.064485
89.863288 0.062044
89.896632 0.059789
89.929977 0.057879
89.963321 0.056442
89.996666 0.055560
90.030010 0.055269
90.063354 0.055549
90.096699 0.056334
90.130043 0.057516
90.163388 0.058961
90.196732 0.060522
90.230077 0.062058
90.263421 0.063445
90.296766 0.064582
90.330110 0.065400
90.363454 0.065860
90.396799 0.065944
90.430143 0.065654
90.463488 0.065002
90.496832 0.064005
90.530177 0.062686
90.563521 0.061072
90.596866 0.059194
90.630210 0.057099
90.663555 0.054846
90.696899 0.052507
90.730243 0.050171
90.763588 0.047931
90.796932 0.045882
90.830277 0.044109
90.863621 0.042680
90.896966 0.041644
90.930310 0.041026
90.963655 0.040836
90.996999 0.041071
91.030343 0.041728
91.063688 0.042806
91.097032 0.044315
91.130377 0.046269
91.163721 0.048683
91.197066 0.051559
91.230410 0.054869
91.263755 0.058544
91.297099 0.062462
91.330443 0.066446
91.363788 0.070272
91.397132 0.073685
91.430477 0.076430
91.463821 0.078276
91.497166 0.079055
91.530510 0.078686
91.563855 0.077194
91.597199 0.074715
91.630544 0.071485
91.663888 0.067823
91.697232 0.064091
91.730577 0.060658
91.763921 0.057862
91.797266 0.055970
91.830610 0.055154
91.863955 0.055481
91.897299 0.056904
91.930644 0.059280
91.963988 0.062388
91.997332 0.065956
92.030677 0.069689
92.064021 0.073295
92.097366 0.076512
92.130710 0.079119
92.164055 0.080950
92.197399 0.081897
92.230744 0.081913
92.264088 0.081003
92.297432 0.079223
92.330777 0.076674
92.364121 0.073489
92.397466 0.069832
92.430810 0.065884
92.464155 0.061836
92.497499 0.057877
92.530844 0.054184
92.564188 0.050908
92.597533 0.048166
92.630877 0.046035
92.664221 0.044543
92.697566 0.043673
92.730910 0.043368
92.764255 0.043536
92.797599 0.044067
92.830944 0.044844
92.864288 0.045761
92.897633 0.046733
92.930977 0.047714
92.964321 0.048695
92.997666 0.049712
93.031010 0.050841
93.064355 0.052187
93.097699 0.053868
93.131044 0.056006
93.164388 0.058699
93.197733 0.062009
93.231077 0.065946
93.264421 0.070457
93.297766 0.075421
93.331110 0.080658
93.364455 0.085930
93.397799 0.090969
93.431144 0.095490
93.464488 0.099221
93.497833 0.101924
93.531177 0.103418
93.564522 0.103592
93.597866 0.102419
93.631210 0.099951
93.664555 0.096315
93.697899 0.091697
93.731244 0.086327
93.764588 0.080456
93.797933 0.074332
93.831277 0.068188
93.864622 0.062223
93.897966 0.056594
93.931310 0.051409
93.964655 0.046734
93.997999 0.042592
94.031344 0.038974
94.064688 0.035848
94.098033 0.033171
94.131377 0.030900
94.164722 0.028999
94.198066 0.027447
94.231410 0.026240
94.264755 0.025398
94.298099 0.024955
94.331444 0.024958
94.364788 0.025456
94.398133 0.026488
94.431477 0.028073
94.464822 0.030199
94.498166 0.032810
94.531511 0.035808
94.564855 0.039048
94.598199 0.042351
94.631544 0.045512
94.664888 0.048322
94.698233 0.050583
94.731577 0.052134
94.764922 0.052864
94.798266 0.052726
94.831611 0.051746
94.864955 0.050015
94.898299 0.047687
94.931644 0.044960
94.964988 0.042062
94.998333 0.039228
95.031677 0.036684
95.065022 0.034626
95.098366 0.033212
95.131711 0.032547
95.165055 0.032679
95.198399 0.033598
95.231744 0.035236
95.265088 0.037469
95.298433 0.040126
95.331777 0.042999
95.365122 0.045853
95.398466 0.048447
95.431811 0.050552
95.465155 0.051970
95.498499 0.052557
95.531844 0.052242
95.565188 0.051034
95.598533 0.049030
95.631877 0.046410
95.665222 0.043420
95.698566 0.040350
95.731911 0.037506
95.765255 0.035178
95.798600 0.033612
95.831944 0.032985
95.865288 0.033394
95.898633 0.034848
95.931977 0.037273
95.965322 0.040529
95.998666 0.044423
96.032011 0.048735
96.065355 0.053235
96.098700 0.057699
96.132044 0.061921
96.165388 0.065721
96.198733 0.068948
96.232077 0.071482
96.265422 0.073234
96.298766 0.074148
96.332111 0.074207
96.365455 0.073433
96.398800 0.071893
96.432144 0.069692
96.465488 0.066978
96.498833 0.063920
96.532177 0.060703
96.565522 0.057503
96.598866 0.054468
96.632211 0.051707
96.665555 0.049274
96.698900 0.047170
96.732244 0.045350
96.765589 0.043738
96.798933 0.042249
96.832277 0.040812
96.865622 0.039388
96.898966 0.037984
96.932311 0.036657
96.965655 0.035499
96.999000 0.034630
97.032344 0.034165
97.065689 0.034193
97.099033 0.034754
97.132377 0.035825
97.165722 0.037318
97.199066 0.039086
97.232411 0.040941
97.265755 0.042680
97.299100 0.044114
97.332444 0.045087
97.365789 0.045501
97.399133 0.045320
97.432477 0.044574
97.465822 0.043343
97.499166 0.041746
97.532511 0.039919
97.565855 0.037997
97.599200 0.036099
97.632544 0.034321
97.665889 0.032729
97.699233 0.031362
97.732578 0.030236
97.765922 0.029351
97.799266 0.028694
97.832611 0.028244
97.865955 0.027976
97.899300 0.027859
97.932644 0.027859
97.965989 0.027942
97.999333 0.028080
98.032678 0.028258
98.066022 0.028483
98.099366 0.028787
98.132711 0.029237
98.166055 0.029930
98.199400 0.030987
98.232744 0.032537
98.266089 0.034702
98.299433 0.037572
98.332778 0.041186
98.366122 0.045517
98.399466 0.050463
98.432811 0.055851
98.466155 0.061445
98.499500 0.066969
98.532844 0.072132
98.566189 0.076655
98.599533 0.080300
98.632878 0.082883
98.666222 0.084295
98.699567 0.084500
98.732911 0.083534
98.766255 0.081496
98.799600 0.078530
98.832944 0.074813
98.866289 0.070541
98.899633 0.065917
98.932978 0.061143
98.966322 0.056408
98.999667 0.051890
99.033011 0.047745
99.066355 0.044105
99.099700 0.041070
99.133044 0.038701
99.166389 0.037019
99.199733 0.035999
99.233078 0.035572
99.266422 0.035632
99.299767 0.036045
99.333111 0.036664
99.366455 0.037339
99.399800 0.037940
99.433144 0.038361
99.466489 0.038531
99.499833 0.038421
99.533178 0.038034
99.566522 0.037406
99.599867 0.036592
99.633211 0.035659
99.666556 0.034673
99.699900 0.033697
99.733244 0.032779
99.766589 0.031957
99.799933 0.031255
99.833278 0.030682
99.866622 0.030241
99.899967 0.029926
99.933311 0.029725
99.966656 0.029624
100.000000 0.029606
