0.000000 0.000000
0.033344 -0.000009
0.066689 -0.000035
0.100033 -0.000078
0.133378 -0.000135
0.166722 -0.000205
0.200067 -0.000282
0.233411 -0.000360
0.266756 -0.000430
0.300100 -0.000487
0.333444 -0.000523
0.366789 -0.000536
0.400133 -0.000527
0.433478 -0.000503
0.466822 -0.000470
0.500167 -0.000439
0.533511 -0.000420
0.566856 -0.000418
0.600200 -0.000437
0.633545 -0.000471
0.666889 -0.000515
0.700233 -0.000556
0.733578 -0.000584
0.766922 -0.000590
0.800267 -0.000573
0.833611 -0.000537
0.866956 -0.000490
0.900300 -0.000448
0.933645 -0.000425
0.966989 -0.000433
1.000333 -0.000476
1.033678 -0.000552
1.067022 -0.000649
1.100367 -0.000748
1.133711 -0.000828
1.167056 -0.000873
1.200400 -0.000870
1.233745 -0.000819
1.267089 -0.000731
1.300433 -0.000626
1.333778 -0.000529
1.367122 -0.000465
1.400467 -0.000451
1.433811 -0.000493
1.467156 -0.000583
1.500500 -0.000700
1.533845 -0.000816
1.567189 -0.000902
1.600534 -0.000935
1.633878 -0.000905
1.667222 -0.000818
1.700567 -0.000695
1.733911 -0.000571
1.767256 -0.000482
1.800600 -0.000460
1.833945 -0.000521
1.867289 -0.000665
1.900634 -0.000868
1.933978 -0.001092
1.967322 -0.001292
2.000667 -0.001426
2.034011 -0.001466
2.067356 -0.001406
2.100700 -0.001266
2.134045 -0.001086
2.167389 -0.000919
2.200734 -0.000818
2.234078 -0.000821
2.267422 -0.000943
2.300767 -0.001171
2.334111 -0.001462
2.367456 -0.001757
2.400800 -0.001994
2.434145 -0.002120
2.467489 -0.002109
2.500834 -0.001970
2.534178 -0.001742
2.567523 -0.001490
2.600867 -0.001288
2.634211 -0.001197
2.667556 -0.001253
2.700900 -0.001454
2.734245 -0.001756
2.767589 -0.002084
2.800934 -0.002348
2.834278 -0.002464
2.867623 -0.002380
2.900967 -0.002085
2.934311 -0.001620
2.967656 -0.001071
3.001000 -0.000546
3.034345 -0.000155
3.067689 0.000017
3.101034 -0.000064
3.134378 -0.000377
3.167723 -0.000843
3.201067 -0.001350
3.234411 -0.001770
3.267756 -0.002001
3.301100 -0.001986
3.334445 -0.001732
3.367789 -0.001311
3.401134 -0.000841
3.434478 -0.000462
3.467823 -0.000294
3.501167 -0.000410
3.534512 -0.000812
3.567856 -0.001426
3.601200 -0.002117
3.634545 -0.002721
3.667889 -0.003086
3.701234 -0.003106
3.734578 -0.002758
3.767923 -0.002107
3.801267 -0.001297
3.834612 -0.000516
3.867956 0.000045
3.901300 0.000243
3.934645 0.000018
3.967989 -0.000586
4.001334 -0.001433
4.034678 -0.002320
4.068023 -0.003033
4.101367 -0.003397
4.134712 -0.003324
4.168056 -0.002840
4.201400 -0.002084
4.234745 -0.001273
4.268089 -0.000655
4.301434 -0.000439
4.334778 -0.000743
4.368123 -0.001554
4.401467 -0.002728
4.434812 -0.004015
4.468156 -0.005121
4.501501 -0.005778
4.534845 -0.005816
4.568189 -0.005209
4.601534 -0.004094
4.634878 -0.002740
4.668223 -0.001486
4.701567 -0.000662
4.734912 -0.000498
4.768256 -0.001066
4.801601 -0.002251
4.834945 -0.003772
4.868289 -0.005247
4.901634 -0.006290
4.934978 -0.006609
4.968323 -0.006088
5.001667 -0.004829
5.035012 -0.003138
5.068356 -0.001455
5.101701 -0.000251
5.135045 0.000097
5.168389 -0.000593
5.201734 -0.002247
5.235078 -0.004542
5.268423 -0.006971
5.301767 -0.008968
5.335112 -0.010047
5.368456 -0.009942
5.401801 -0.008682
5.435145 -0.006605
5.468489 -0.004290
5.501834 -0.002414
5.535178 -0.001588
5.568523 -0.002183
5.601867 -0.004222
5.635212 -0.007349
5.668556 -0.010898
5.701901 -0.014052
5.735245 -0.016050
5.768590 -0.016400
5.801934 -0.015028
5.835278 -0.012333
5.868623 -0.009115
5.901967 -0.006391
5.935312 -0.005137
5.968656 -0.006015
6.002001 -0.009167
6.035345 -0.014124
6.068690 -0.019869
6.102034 -0.025033
6.135378 -0.028187
6.168723 -0.028106
6.202067 -0.023937
6.235412 -0.015138
6.268756 -0.001167
6.302101 0.019098
6.335445 0.048105
6.368790 0.090387
6.402134 0.153134
6.435478 0.246372
6.468823 0.382553
6.502167 0.575488
6.535512 0.838630
6.568856 1.182879
6.602201 1.614182
6.635545 2.131317
6.668890 2.724239
6.702234 3.373378
6.735579 4.050126
6.768923 4.718596
6.802267 5.338564
6.835612 5.869257
6.868956 6.273550
6.902301 6.522001
6.935645 6.596165
6.968990 6.490718
7.002334 6.214074
7.035679 5.787402
7.069023 5.242191
7.102367 4.616704
7.135712 3.951828
7.169056 3.286901
7.202401 2.656062
7.235745 2.085564
7.269090 1.592339
7.302434 1.183851
7.335779 0.859136
7.369123 0.610698
7.402467 0.426894
7.435812 0.294362
7.469156 0.200144
7.502501 0.133220
7.535845 0.085346
7.569190 0.051200
7.602534 0.027979
7.635879 0.014656
7.669223 0.011120
7.702568 0.017423
7.735912 0.033252
7.769256 0.057700
7.802601 0.089301
7.835945 0.126248
7.869290 0.166678
7.902634 0.208914
7.935979 0.251582
7.969323 0.293591
8.002668 0.333974
8.036012 0.371692
8.069356 0.405445
8.102701 0.433607
8.136045 0.454287
8.169390 0.465568
8.202734 0.465829
8.236079 0.454120
8.269423 0.430465
8.302768 0.396023
8.336112 0.353057
8.369456 0.304689
8.402801 0.254498
8.436145 0.206020
8.469490 0.162272
8.502834 0.125375
8.536179 0.096370
8.569523 0.075251
8.602868 0.061199
8.636212 0.052972
8.669557 0.049348
8.702901 0.049531
8.736245 0.053441
8.769590 0.061813
8.802934 0.076118
8.836279 0.098306
8.869623 0.130458
8.902968 0.174401
8.936312 0.231376
8.969657 0.301819
9.003001 0.385272
9.036345 0.480423
9.069690 0.585253
9.103034 0.697220
9.136379 0.813439
9.169723 0.930827
9.203068 1.046177
9.236412 1.156186
9.269757 1.257459
9.303101 1.346536
9.336445 1.419971
9.369790 1.474496
9.403134 1.507266
9.436479 1.516157
9.469823 1.500068
9.503168 1.459171
9.536512 1.395062
9.569857 1.310750
9.603201 1.210507
9.636546 1.099569
9.669890 0.983755
9.703234 0.869043
9.736579 0.761198
9.769923 0.665462
9.803268 0.586375
9.836612 0.527690
9.869957 0.492373
9.903301 0.482640
9.936646 0.499977
9.969990 0.545105
10.003334 0.617882
10.036679 0.717148
10.070023 0.840553
10.103368 0.984437
10.136712 1.143812
10.170057 1.312499
10.203401 1.483457
10.236746 1.649268
10.270090 1.802749
10.303434 1.937608
10.336779 2.049048
10.370123 2.134223
10.403468 2.192490
10.436812 2.225398
10.470157 2.236429
10.503501 2.230526
10.536846 2.213476
10.570190 2.191234
10.603535 2.169282
10.636879 2.152080
10.670223 2.142682
10.703568 2.142517
10.736912 2.151357
10.770257 2.167429
10.803601 2.187657
10.836946 2.208000
10.870290 2.223850
10.903635 2.230470
10.936979 2.223452
10.970323 2.199162
11.003668 2.155155
11.037012 2.090502
11.070357 2.006000
11.103701 1.904221
11.137046 1.789357
11.170390 1.666875
11.203735 1.542986
11.237079 1.423989
11.270423 1.315588
11.303768 1.222265
11.337112 1.146829
11.370457 1.090206
11.403801 1.051514
11.437146 1.028415
11.470490 1.017677
11.503835 1.015831
11.537179 1.019803
11.570524 1.027389
11.603868 1.037480
11.637212 1.049985
11.670557 1.065490
11.703901 1.084719
11.737246 1.107938
11.770590 1.134446
11.803935 1.162288
11.837279 1.188283
11.870624 1.208388
11.903968 1.218343
11.937312 1.214488
11.970657 1.194575
12.004001 1.158412
12.037346 1.108184
12.070690 1.048372
12.104035 0.985256
12.137379 0.926082
12.170724 0.878049
12.204068 0.847287
12.237412 0.838038
12.270757 0.852178
12.304101 0.889170
12.337446 0.946442
12.370790 1.020095
12.404135 1.105795
12.437479 1.199639
12.470824 1.298827
12.504168 1.401997
12.537513 1.509160
12.570857 1.621259
12.604201 1.739466
12.637546 1.864377
12.670890 1.995289
12.704235 2.129722
12.737579 2.263318
12.770924 2.390122
12.804268 2.503228
12.837613 2.595642
12.870957 2.661223
12.904301 2.695515
12.937646 2.696321
12.970990 2.663942
13.004335 2.601051
13.037679 2.512260
13.071024 2.403485
13.104368 2.281249
13.137713 2.152041
13.171057 2.021852
13.204401 1.895907
13.237746 1.778603
13.271090 1.673576
13.304435 1.583832
13.337779 1.511816
13.371124 1.459401
13.404468 1.427736
13.437813 1.417018
13.471157 1.426242
13.504502 1.453047
13.537846 1.493750
13.571190 1.543638
13.604535 1.597536
13.637879 1.650598
13.671224 1.699201
13.704568 1.741805
13.737913 1.779578
13.771257 1.816659
13.804602 1.859945
13.837946 1.918387
13.871290 2.001850
13.904635 2.119695
13.937979 2.279265
13.971324 2.484517
14.004668 2.735001
14.038013 3.025350
14.071357 3.345360
14.104702 3.680679
14.138046 4.013993
14.171390 4.326577
14.204735 4.600005
14.238079 4.817826
14.271424 4.967023
14.304768 5.039111
14.338113 5.030796
14.371457 4.944175
14.404802 4.786487
14.438146 4.569489
14.471490 4.308532
14.504835 4.021420
14.538179 3.727143
14.571524 3.444562
14.604868 3.191119
14.638213 2.981630
14.671557 2.827263
14.704902 2.734741
14.738246 2.705865
14.771591 2.737411
14.804935 2.821441
14.838279 2.946015
14.871624 3.096300
14.904968 3.255939
14.938313 3.408597
14.971657 3.539483
15.005002 3.636707
15.038346 3.692298
15.071691 3.702768
15.105035 3.669165
15.138379 3.596612
15.171724 3.493403
15.205068 3.369795
15.238413 3.236639
15.271757 3.104062
15.305102 2.980336
15.338446 2.871078
15.371791 2.778863
15.405135 2.703257
15.438479 2.641233
15.471824 2.587893
15.505168 2.537354
15.538513 2.483692
15.571857 2.421802
15.605202 2.348077
15.638546 2.260845
15.671891 2.160521
15.705235 2.049482
15.738580 1.931717
15.771924 1.812292
15.805268 1.696721
15.838613 1.590317
15.871957 1.497600
15.905302 1.421830
15.938646 1.364718
15.971991 1.326328
16.005335 1.305199
16.038680 1.298651
16.072024 1.303240
16.105368 1.315309
16.138713 1.331549
16.172057 1.349508
16.205402 1.367967
16.238746 1.387127
16.272091 1.408582
16.305435 1.435063
16.338780 1.469995
16.372124 1.516915
16.405468 1.578834
16.438813 1.657636
16.472157 1.753587
16.505502 1.865045
16.538846 1.988392
16.572191 2.118219
16.605535 2.247728
16.638880 2.369318
16.672224 2.475264
16.705569 2.558439
16.738913 2.612970
16.772257 2.634808
16.805602 2.622129
16.838946 2.575566
16.872291 2.498262
16.905635 2.395748
16.938980 2.275666
16.972324 2.147342
17.005669 2.021249
17.039013 1.908350
17.072357 1.819362
17.105702 1.763958
17.139046 1.749967
17.172391 1.782612
17.205735 1.863882
17.239080 1.992113
17.272424 2.161861
17.305769 2.364133
17.339113 2.587000
17.372457 2.816586
17.405802 3.038345
17.439146 3.238519
17.472491 3.405603
17.505835 3.531627
17.539180 3.613082
17.572524 3.651347
17.605869 3.652505
17.639213 3.626580
17.672558 3.586235
17.705902 3.545123
17.739246 3.516091
17.772591 3.509507
17.805935 3.531939
17.839280 3.585386
17.872624 3.667194
17.905969 3.770656
17.939313 3.886212
17.972658 4.003074
18.006002 4.111020
18.039346 4.202058
18.072691 4.271722
18.106035 4.319770
18.139380 4.350164
18.172724 4.370347
18.206069 4.389904
18.239413 4.418827
18.272758 4.465655
18.306102 4.535782
18.339446 4.630214
18.372791 4.744969
18.406135 4.871238
18.439480 4.996290
18.472824 5.104997
18.506169 5.181771
18.539513 5.212620
18.572858 5.187044
18.606202 5.099493
18.639547 4.950195
18.672891 4.745259
18.706235 4.496041
18.739580 4.217898
18.772924 3.928512
18.806269 3.646019
18.839613 3.387208
18.872958 3.165995
18.906302 2.992349
18.939647 2.871759
18.972991 2.805233
19.006335 2.789776
19.039680 2.819195
19.073024 2.885097
19.106369 2.977902
19.139713 3.087736
19.173058 3.205134
19.206402 3.321486
19.239747 3.429265
19.273091 3.522078
19.306435 3.594621
19.339780 3.642630
19.373124 3.662869
19.406469 3.653221
19.439813 3.612852
19.473158 3.542433
19.506502 3.444348
19.539847 3.322810
19.573191 3.183825
19.606536 3.034951
19.639880 2.884829
19.673224 2.742519
19.706569 2.616699
19.739913 2.514810
19.773258 2.442261
19.806602 2.401802
19.839947 2.393155
19.873291 2.412962
19.906636 2.455076
19.939980 2.511172
19.973324 2.571617
20.006669 2.626483
20.040013 2.666610
20.073358 2.684570
20.106702 2.675432
20.140047 2.637223
20.173391 2.571047
20.206736 2.480846
20.240080 2.372832
20.273424 2.254673
20.306769 2.134542
20.340113 2.020138
20.373458 1.917819
20.406802 1.831940
20.440147 1.764496
20.473491 1.715078
20.506836 1.681166
20.540180 1.658692
20.573525 1.642782
20.606869 1.628577
20.640213 1.611999
20.673558 1.590357
20.706902 1.562714
20.740247 1.529951
20.773591 1.494543
20.806936 1.460081
20.840280 1.430631
20.873625 1.410017
20.906969 1.401163
20.940313 1.405586
20.973658 1.423110
21.007002 1.451855
21.040347 1.488480
21.073691 1.528644
21.107036 1.567603
21.140380 1.600847
21.173725 1.624688
21.207069 1.636704
21.240413 1.635997
21.273758 1.623236
21.307102 1.600501
21.340447 1.570978
21.373791 1.538555
21.407136 1.507392
21.440480 1.481529
21.473825 1.464571
21.507169 1.459461
21.540514 1.468360
21.573858 1.492591
21.607202 1.532628
21.640547 1.588097
21.673891 1.657775
21.707236 1.739575
21.740580 1.830531
21.773925 1.926818
21.807269 2.023830
21.840614 2.116353
21.873958 2.198843
21.907302 2.265816
21.940647 2.312307
21.973991 2.334363
22.007336 2.329496
22.040680 2.297038
22.074025 2.238325
22.107369 2.156692
22.140714 2.057253
22.174058 1.946499
22.207402 1.831762
22.240747 1.720617
22.274091 1.620302
22.307436 1.537229
22.340780 1.476632
22.374125 1.442376
22.407469 1.436929
22.440814 1.461445
22.474158 1.515908
22.507503 1.599285
22.540847 1.709625
22.574191 1.844079
22.607536 1.998844
22.640880 2.169049
22.674225 2.348657
22.707569 2.530429
22.740914 2.706030
22.774258 2.866320
22.807603 3.001851
22.840947 3.103534
22.874291 3.163435
22.907636 3.175587
22.940980 3.136714
22.974325 3.046759
23.007669 2.909116
23.041014 2.730512
23.074358 2.520533
23.107703 2.290831
23.141047 2.054105
23.174391 1.822971
23.207736 1.608858
23.241080 1.421064
23.274425 1.266075
23.307769 1.147225
23.341114 1.064704
23.374458 1.015914
23.407803 0.996082
23.441147 0.999062
23.474491 1.018197
23.507836 1.047144
23.541180 1.080580
23.574525 1.114697
23.607869 1.147467
23.641214 1.178667
23.674558 1.209673
23.707903 1.243061
23.741247 1.282090
23.774592 1.330098
23.807936 1.389897
23.841280 1.463233
23.874625 1.550343
23.907969 1.649690
23.941314 1.757895
23.974658 1.869879
24.008003 1.979232
24.041347 2.078770
24.074692 2.161237
24.108036 2.220078
24.141380 2.250188
24.174725 2.248561
24.208069 2.214722
24.241414 2.150900
24.274758 2.061881
24.308103 1.954555
24.341447 1.837209
24.374792 1.718638
24.408136 1.607203
24.441480 1.509954
24.474825 1.431941
24.508169 1.375812
24.541514 1.341731
24.574858 1.327633
24.608203 1.329750
24.641547 1.343319
24.674892 1.363357
24.708236 1.385369
24.741581 1.405892
24.774925 1.422800
24.808269 1.435344
24.841614 1.443960
24.874958 1.449892
24.908303 1.454736
24.941647 1.459997
24.974992 1.466741
25.008336 1.475404
25.041681 1.485767
25.075025 1.497091
25.108369 1.508345
25.141714 1.518463
25.175058 1.526570
25.208403 1.532102
25.241747 1.534820
25.275092 1.534699
25.308436 1.531755
25.341781 1.525850
25.375125 1.516542
25.408469 1.503048
25.441814 1.484330
25.475158 1.459311
25.508503 1.427186
25.541847 1.387764
25.575192 1.341758
25.608536 1.290966
25.641881 1.238268
25.675225 1.187437
25.708570 1.142764
25.741914 1.108550
25.775258 1.088555
25.808603 1.085466
25.841947 1.100499
25.875292 1.133170
25.908636 1.181296
25.941981 1.241197
25.975325 1.308080
26.008670 1.376535
26.042014 1.441074
26.075358 1.496634
26.108703 1.539002
26.142047 1.565100
26.175392 1.573150
26.208736 1.562697
26.242081 1.534546
26.275425 1.490617
26.308770 1.433767
26.342114 1.367590
26.375458 1.296198
26.408803 1.224005
26.442147 1.155481
26.475492 1.094900
26.508836 1.046075
26.542181 1.012090
26.575525 0.995075
26.608870 0.996029
26.642214 1.014743
26.675559 1.049822
26.708903 1.098837
26.742247 1.158560
26.775592 1.225281
26.808936 1.295140
26.842281 1.364429
26.875625 1.429835
26.908970 1.488576
26.942314 1.538444
26.975659 1.577756
27.009003 1.605272
27.042347 1.620097
27.075692 1.621643
27.109036 1.609651
27.142381 1.584308
27.175725 1.546418
27.209070 1.497596
27.242414 1.440419
27.275759 1.378478
27.309103 1.316277
27.342447 1.258957
27.375792 1.211861
27.409136 1.179974
27.442481 1.167327
27.475825 1.176450
27.509170 1.207975
27.542514 1.260455
27.575859 1.330452
27.609203 1.412883
27.642548 1.501588
27.675892 1.590029
27.709236 1.672025
27.742581 1.742402
27.775925 1.797469
27.809270 1.835259
27.842614 1.855507
27.875959 1.859390
27.909303 1.849094
27.942648 1.827293
27.975992 1.796634
28.009336 1.759318
28.042681 1.716841
28.076025 1.669924
28.109370 1.618615
28.142714 1.562538
28.176059 1.501213
28.209403 1.434377
28.242748 1.362244
28.276092 1.285651
28.309436 1.206062
28.342781 1.125450
28.376125 1.046066
28.409470 0.970167
28.442814 0.899733
28.476159 0.836245
28.509503 0.780546
28.542848 0.732820
28.576192 0.692671
28.609537 0.659291
28.642881 0.631678
28.676225 0.608868
28.709570 0.590131
28.742914 0.575105
28.776259 0.563854
28.809603 0.556821
28.842948 0.554719
28.876292 0.558353
28.909637 0.568415
28.942981 0.585286
28.976325 0.608870
29.009670 0.638485
29.043014 0.672836
29.076359 0.710070
29.109703 0.747896
29.143048 0.783789
29.176392 0.815209
29.209737 0.839852
29.243081 0.855867
29.276425 0.862035
29.309770 0.857877
29.343114 0.843684
29.376459 0.820461
29.409803 0.789799
29.443148 0.753687
29.476492 0.714299
29.509837 0.673775
29.543181 0.634028
29.576526 0.596600
29.609870 0.562586
29.643214 0.532625
29.676559 0.506946
29.709903 0.485472
29.743248 0.467943
29.776592 0.454046
29.809937 0.443530
29.843281 0.436277
29.876626 0.432347
29.909970 0.431964
29.943314 0.435469
29.976659 0.443250
30.010003 0.455649
30.043348 0.472869
30.076692 0.494894
30.110037 0.521426
30.143381 0.551844
30.176726 0.585199
30.210070 0.620235
30.243414 0.655439
30.276759 0.689133
30.310103 0.719582
30.343448 0.745135
30.376792 0.764369
30.410137 0.776237
30.443481 0.780201
30.476826 0.776320
30.510170 0.765290
30.543515 0.748410
30.576859 0.727482
30.610203 0.704639
30.643548 0.682121
30.676892 0.662029
30.710237 0.646081
30.743581 0.635419
30.776926 0.630474
30.810270 0.630932
30.843615 0.635788
30.876959 0.643495
30.910303 0.652173
30.943648 0.659850
30.976992 0.664709
31.010337 0.665281
31.043681 0.660592
31.077026 0.650227
31.110370 0.634313
31.143715 0.613449
31.177059 0.588594
31.210403 0.560933
31.243748 0.531759
31.277092 0.502370
31.310437 0.474005
31.343781 0.447798
31.377126 0.424763
31.410470 0.405773
31.443815 0.391542
31.477159 0.382598
31.510504 0.379240
31.543848 0.381507
31.577192 0.389144
31.610537 0.401608
31.643881 0.418108
31.677226 0.437675
31.710570 0.459273
31.743915 0.481915
31.777259 0.504783
31.810604 0.527297
31.843948 0.549152
31.877292 0.570277
31.910637 0.590750
31.943981 0.610659
31.977326 0.629963
32.010670 0.648358
32.044015 0.665206
32.077359 0.679529
32.110704 0.690090
32.144048 0.695545
32.177392 0.694643
32.210737 0.686455
32.244081 0.670559
32.277426 0.647183
32.310770 0.617246
32.344115 0.582309
32.377459 0.544430
32.410804 0.505948
32.444148 0.469237
32.477492 0.436455
32.510837 0.409342
32.544181 0.389074
32.577526 0.376212
32.610870 0.370711
32.644215 0.372016
32.677559 0.379185
32.710904 0.391035
32.744248 0.406289
32.777593 0.423684
32.810937 0.442059
32.844281 0.460409
32.877626 0.477906
32.910970 0.493909
32.944315 0.507965
32.977659 0.519807
33.011004 0.529348
33.044348 0.536677
33.077693 0.542046
33.111037 0.545835
33.144381 0.548515
33.177726 0.550587
33.211070 0.552521
33.244415 0.554699
33.277759 0.557375
33.311104 0.560654
33.344448 0.564504
33.377793 0.568792
33.411137 0.573332
33.444481 0.577940
33.477826 0.582475
33.511170 0.586850
33.544515 0.591024
33.577859 0.594961
33.611204 0.598571
33.644548 0.601659
33.677893 0.603885
33.711237 0.604761
33.744582 0.603694
33.777926 0.600062
33.811270 0.593324
33.844615 0.583136
33.877959 0.569449
33.911304 0.552572
33.944648 0.533166
33.977993 0.512190
34.011337 0.490779
34.044682 0.470096
34.078026 0.451163
34.111370 0.434726
34.144715 0.421160
34.178059 0.410433
34.211404 0.402155
34.244748 0.395664
34.278093 0.390168
34.311437 0.384888
34.344782 0.379184
34.378126 0.372644
34.411470 0.365116
34.444815 0.356689
34.478159 0.347632
34.511504 0.338313
34.544848 0.329115
34.578193 0.320374
34.611537 0.312348
34.644882 0.305230
34.678226 0.299177
34.711571 0.294366
34.744915 0.291033
34.778259 0.289498
34.811604 0.290154
34.844948 0.293421
34.878293 0.299674
34.911637 0.309166
34.944982 0.321952
34.978326 0.337850
35.011671 0.356435
35.045015 0.377082
35.078359 0.399044
35.111704 0.421545
35.145048 0.443880
35.178393 0.465489
35.211737 0.485998
35.245082 0.505205
35.278426 0.523043
35.311771 0.539501
35.345115 0.554546
35.378459 0.568065
35.411804 0.579825
35.445148 0.589496
35.478493 0.596697
35.511837 0.601089
35.545182 0.602466
35.578526 0.600844
35.611871 0.596508
35.645215 0.590024
35.678560 0.582180
35.711904 0.573901
35.745248 0.566123
35.778593 0.559667
35.811937 0.555123
35.845282 0.552784
35.878626 0.552616
35.911971 0.554284
35.945315 0.557228
35.978660 0.560756
36.012004 0.564150
36.045348 0.566764
36.078693 0.568091
36.112037 0.567800
36.145382 0.565747
36.178726 0.561946
36.212071 0.556540
36.245415 0.549753
36.278760 0.541853
36.312104 0.533124
36.345448 0.523838
36.378793 0.514242
36.412137 0.504540
36.445482 0.494872
36.478826 0.485295
36.512171 0.475762
36.545515 0.466108
36.578860 0.456055
36.612204 0.445237
36.645549 0.433251
36.678893 0.419733
36.712237 0.404439
36.745582 0.387328
36.778926 0.368622
36.812271 0.348832
36.845615 0.328730
36.878960 0.309280
36.912304 0.291522
36.945649 0.276434
36.978993 0.264791
37.012337 0.257057
37.045682 0.253312
37.079026 0.253247
37.112371 0.256215
37.145715 0.261339
37.179060 0.267649
37.212404 0.274226
37.245749 0.280325
37.279093 0.285459
37.312437 0.289424
37.345782 0.292270
37.379126 0.294228
37.412471 0.295608
37.445815 0.296696
37.479160 0.297671
37.512504 0.298557
37.545849 0.299220
37.579193 0.299417
37.612538 0.298857
37.645882 0.297298
37.679226 0.294617
37.712571 0.290865
37.745915 0.286284
37.779260 0.281284
37.812604 0.276385
37.845949 0.272137
37.879293 0.269037
37.912638 0.267455
37.945982 0.267583
37.979326 0.269415
38.012671 0.272760
38.046015 0.277275
38.079360 0.282521
38.112704 0.288023
38.146049 0.293316
38.179393 0.297994
38.212738 0.301731
38.246082 0.304293
38.279426 0.305542
38.312771 0.305424
38.346115 0.303961
38.379460 0.301240
38.412804 0.297403
38.446149 0.292636
38.479493 0.287155
38.512838 0.281193
38.546182 0.274988
38.579527 0.268767
38.612871 0.262741
38.646215 0.257099
38.679560 0.252023
38.712904 0.247695
38.746249 0.244322
38.779593 0.242142
38.812938 0.241433
38.846282 0.242496
38.879627 0.245619
38.912971 0.251033
38.946315 0.258845
38.979660 0.268983
39.013004 0.281156
39.046349 0.294842
39.079693 0.309317
39.113038 0.323725
39.146382 0.337175
39.179727 0.348861
39.213071 0.358179
39.246415 0.364809
39.279760 0.368765
39.313104 0.370374
39.346449 0.370205
39.379793 0.368947
39.413138 0.367266
39.446482 0.365660
39.479827 0.364349
39.513171 0.363219
39.546516 0.361838
39.579860 0.359542
39.613204 0.355578
39.646549 0.349278
39.679893 0.340237
39.713238 0.328447
39.746582 0.314380
39.779927 0.298988
39.813271 0.283615
39.846616 0.269846
39.879960 0.259310
39.913304 0.253457
39.946649 0.253367
39.979993 0.259595
40.013338 0.272084
40.046682 0.290161
40.080027 0.312594
40.113371 0.337722
40.146716 0.363609
40.180060 0.388234
40.213404 0.409657
40.246749 0.426183
40.280093 0.436479
40.313438 0.439667
40.346782 0.435364
40.380127 0.423694
40.413471 0.405266
40.446816 0.381117
40.480160 0.352630
40.513505 0.321427
40.546849 0.289246
40.580193 0.257805
40.613538 0.228675
40.646882 0.203155
40.680227 0.182182
40.713571 0.166278
40.746916 0.155543
40.780260 0.149696
40.813605 0.148156
40.846949 0.150151
40.880293 0.154843
40.913638 0.161436
40.946982 0.169268
40.980327 0.177858
41.013671 0.186912
41.047016 0.196297
41.080360 0.205978
41.113705 0.215952
41.147049 0.226184
41.180393 0.236564
41.213738 0.246896
41.247082 0.256912
41.280427 0.266316
41.313771 0.274838
41.347116 0.282285
41.380460 0.288584
41.413805 0.293794
41.447149 0.298098
41.480493 0.301766
41.513838 0.305107
41.547182 0.308415
41.580527 0.311926
41.613871 0.315785
41.647216 0.320035
41.680560 0.324627
41.713905 0.329439
41.747249 0.334293
41.780594 0.338978
41.813938 0.343259
41.847282 0.346877
41.880627 0.349548
41.913971 0.350954
41.947316 0.350763
41.980660 0.348640
42.014005 0.344299
42.047349 0.337549
42.080694 0.328359
42.114038 0.316896
42.147382 0.303558
42.180727 0.288959
42.214071 0.273883
42.247416 0.259198
42.280760 0.245757
42.314105 0.234279
42.347449 0.225264
42.380794 0.218926
42.414138 0.215182
42.447482 0.213685
42.480827 0.213906
42.514171 0.215238
42.547516 0.217107
42.580860 0.219066
42.614205 0.220862
42.647549 0.222443
42.680894 0.223937
42.714238 0.225579
42.747583 0.227635
42.780927 0.230314
42.814271 0.233711
42.847616 0.237783
42.880960 0.242354
42.914305 0.247169
42.947649 0.251951
42.980994 0.256472
43.014338 0.260596
43.047683 0.264304
43.081027 0.267673
43.114371 0.270829
43.147716 0.273883
43.181060 0.276858
43.214405 0.279642
43.247749 0.281967
43.281094 0.283427
43.314438 0.283536
43.347783 0.281809
43.381127 0.277852
43.414471 0.271442
43.447816 0.262577
43.481160 0.251488
43.514505 0.238609
43.547849 0.224515
43.581194 0.209841
43.614538 0.195196
43.647883 0.181099
43.681227 0.167936
43.714572 0.155954
43.747916 0.145284
43.781260 0.135976
43.814605 0.128048
43.847949 0.121515
43.881294 0.116402
43.914638 0.112733
43.947983 0.110505
43.981327 0.109645
44.014672 0.109982
44.048016 0.111233
44.081360 0.113019
44.114705 0.114905
44.148049 0.116466
44.181394 0.117363
44.214738 0.117400
44.248083 0.116565
44.281427 0.115033
44.314772 0.113126
44.348116 0.111242
44.381460 0.109773
44.414805 0.109014
44.448149 0.109105
44.481494 0.110006
44.514838 0.111516
44.548183 0.113334
44.581527 0.115145
44.614872 0.116711
44.648216 0.117943
44.681561 0.118942
44.714905 0.119987
44.748249 0.121476
44.781594 0.123838
44.814938 0.127426
44.848283 0.132419
44.881627 0.138764
44.914972 0.146160
44.948316 0.154104
44.981661 0.161975
45.015005 0.169150
45.048349 0.175128
45.081694 0.179617
45.115038 0.182588
45.148383 0.184270
45.181727 0.185087
45.215072 0.185561
45.248416 0.186190
45.281761 0.187343
45.315105 0.189177
45.348449 0.191611
45.381794 0.194347
45.415138 0.196941
45.448483 0.198902
45.481827 0.199794
45.515172 0.199324
45.548516 0.197395
45.581861 0.194111
45.615205 0.189741
45.648550 0.184660
45.681894 0.179268
45.715238 0.173923
45.748583 0.168899
45.781927 0.164374
45.815272 0.160455
45.848616 0.157219
45.881961 0.154769
45.915305 0.153273
45.948650 0.152977
45.981994 0.154189
46.015338 0.157222
46.048683 0.162325
46.082027 0.169601
46.115372 0.178944
46.148716 0.190009
46.182061 0.202222
46.215405 0.214836
46.248750 0.227016
46.282094 0.237949
46.315438 0.246945
46.348783 0.253512
46.382127 0.257400
46.415472 0.258596
46.448816 0.257279
46.482161 0.253751
46.515505 0.248358
46.548850 0.241416
46.582194 0.233172
46.615539 0.223793
46.648883 0.213381
46.682227 0.202025
46.715572 0.189848
46.748916 0.177054
46.782261 0.163948
46.815605 0.150933
46.848950 0.138470
46.882294 0.127024
46.915639 0.116999
46.948983 0.108686
46.982327 0.102224
47.015672 0.097600
47.049016 0.094677
47.082361 0.093236
47.115705 0.093038
47.149050 0.093880
47.182394 0.095622
47.215739 0.098201
47.249083 0.101609
47.282427 0.105853
47.315772 0.110906
47.349116 0.116664
47.382461 0.122921
47.415805 0.129375
47.449150 0.135657
47.482494 0.141383
47.515839 0.146221
47.549183 0.149950
47.582528 0.152495
47.615872 0.153943
47.649216 0.154522
47.682561 0.154559
47.715905 0.154419
47.749250 0.154445
47.782594 0.154918
47.815939 0.156028
47.849283 0.157881
47.882628 0.160520
47.915972 0.163961
47.949316 0.168226
47.982661 0.173353
48.016005 0.179396
48.049350 0.186388
48.082694 0.194293
48.116039 0.202954
48.149383 0.212048
48.182728 0.221072
48.216072 0.229370
48.249416 0.236193
48.282761 0.240792
48.316105 0.242535
48.349450 0.241004
48.382794 0.236077
48.416139 0.227960
48.449483 0.217167
48.482828 0.204450
48.516172 0.190692
48.549517 0.176781
48.582861 0.163497
48.616205 0.151420
48.649550 0.140892
48.682894 0.132025
48.716239 0.124749
48.749583 0.118895
48.782928 0.114288
48.816272 0.110820
48.849617 0.108498
48.882961 0.107456
48.916305 0.107927
48.949650 0.110182
48.982994 0.114468
49.016339 0.120938
49.049683 0.129611
49.083028 0.140351
49.116372 0.152888
49.149717 0.166844
49.183061 0.181783
49.216405 0.197253
49.249750 0.212808
49.283094 0.228018
49.316439 0.242456
49.349783 0.255682
49.383128 0.267219
49.416472 0.276563
49.449817 0.283199
49.483161 0.286664
49.516506 0.286615
49.549850 0.282911
49.583194 0.275680
49.616539 0.265353
49.649883 0.252650
49.683228 0.238513
49.716572 0.223996
49.749917 0.210124
49.783261 0.197749
49.816606 0.187427
49.849950 0.179347
49.883294 0.173324
49.916639 0.168856
49.949983 0.165237
49.983328 0.161703
50.016672 0.157583
50.050017 0.152423
50.083361 0.146062
50.116706 0.138641
50.150050 0.130555
50.183394 0.122356
50.216739 0.114630
50.250083 0.107880
50.283428 0.102440
50.316772 0.098427
50.350117 0.095762
50.383461 0.094219
50.416806 0.093514
50.450150 0.093395
50.483494 0.093717
50.516839 0.094471
50.550183 0.095783
50.583528 0.097860
50.616872 0.100914
50.650217 0.105080
50.683561 0.110344
50.716906 0.116515
50.750250 0.123229
50.783595 0.130003
50.816939 0.136322
50.850283 0.141729
50.883628 0.145918
50.916972 0.148791
50.950317 0.150466
50.983661 0.151256
51.017006 0.151594
51.050350 0.151947
51.083695 0.152717
51.117039 0.154172
51.150383 0.156395
51.183728 0.159288
51.217072 0.162599
51.250417 0.165987
51.283761 0.169091
51.317106 0.171598
51.350450 0.173291
51.383795 0.174070
51.417139 0.173947
51.450483 0.173022
51.483828 0.171443
51.517172 0.169378
51.550517 0.166991
51.583861 0.164431
51.617206 0.161844
51.650550 0.159384
51.683895 0.157226
51.717239 0.155566
51.750584 0.154607
51.783928 0.154528
51.817272 0.155437
51.850617 0.157335
51.883961 0.160085
51.917306 0.163405
51.950650 0.166900
51.983995 0.170117
52.017339 0.172622
52.050684 0.174084
52.084028 0.174347
52.117372 0.173474
52.150717 0.171745
52.184061 0.169619
52.217406 0.167647
52.250750 0.166376
52.284095 0.166240
52.317439 0.167472
52.350784 0.170058
52.384128 0.173739
52.417472 0.178047
52.450817 0.182400
52.484161 0.186198
52.517506 0.188927
52.550850 0.190241
52.584195 0.190007
52.617539 0.188313
52.650884 0.185429
52.684228 0.181752
52.717573 0.177729
52.750917 0.173796
52.784261 0.170323
52.817606 0.167592
52.850950 0.165792
52.884295 0.165031
52.917639 0.165357
52.950984 0.166766
52.984328 0.169202
53.017673 0.172544
53.051017 0.176583
53.084361 0.180999
53.117706 0.185359
53.151050 0.189134
53.184395 0.191756
53.217739 0.192689
53.251084 0.191532
53.284428 0.188107
53.317773 0.182531
53.351117 0.175247
53.384461 0.166998
53.417806 0.158743
53.451150 0.151539
53.484495 0.146388
53.517839 0.144084
53.551184 0.145099
53.584528 0.149508
53.617873 0.156986
53.651217 0.166861
53.684562 0.178224
53.717906 0.190068
53.751250 0.201420
53.784595 0.211465
53.817939 0.219616
53.851284 0.225542
53.884628 0.229144
53.917973 0.230505
53.951317 0.229816
53.984662 0.227321
54.018006 0.223271
54.051350 0.217915
54.084695 0.211513
54.118039 0.204370
54.151384 0.196859
54.184728 0.189433
54.218073 0.182610
54.251417 0.176912
54.284762 0.172792
54.318106 0.170537
54.351450 0.170197
54.384795 0.171527
54.418139 0.173998
54.451484 0.176850
54.484828 0.179197
54.518173 0.180171
54.551517 0.179059
54.584862 0.175428
54.618206 0.169201
54.651551 0.160661
54.684895 0.150402
54.718239 0.139217
54.751584 0.127954
54.784928 0.117375
54.818273 0.108034
54.851617 0.100216
54.884962 0.093922
54.918306 0.088924
54.951651 0.084855
54.984995 0.081330
55.018339 0.078045
55.051684 0.074858
55.085028 0.071815
55.118373 0.069133
55.151717 0.067133
55.185062 0.066153
55.218406 0.066465
55.251751 0.068198
55.285095 0.071311
55.318439 0.075597
55.351784 0.080734
55.385128 0.086348
55.418473 0.092090
55.451817 0.097696
55.485162 0.103019
55.518506 0.108030
55.551851 0.112778
55.585195 0.117347
55.618540 0.121795
55.651884 0.126115
55.685228 0.130217
55.718573 0.133943
55.751917 0.137105
55.785262 0.139544
55.818606 0.141180
55.851951 0.142047
55.885295 0.142299
55.918640 0.142184
55.951984 0.141984
55.985328 0.141942
56.018673 0.142197
56.052017 0.142729
56.085362 0.143352
56.118706 0.143738
56.152051 0.143480
56.185395 0.142186
56.218740 0.139561
56.252084 0.135489
56.285428 0.130067
56.318773 0.123601
56.352117 0.116555
56.385462 0.109468
56.418806 0.102861
56.452151 0.097144
56.485495 0.092559
56.518840 0.089157
56.552184 0.086824
56.585529 0.085336
56.618873 0.084440
56.652217 0.083929
56.685562 0.083696
56.718906 0.083753
56.752251 0.084215
56.785595 0.085241
56.818940 0.086961
56.852284 0.089406
56.885629 0.092457
56.918973 0.095830
56.952317 0.099106
56.985662 0.101799
57.019006 0.103447
57.052351 0.103708
57.085695 0.102436
57.119040 0.099717
57.152384 0.095865
57.185729 0.091360
57.219073 0.086766
57.252417 0.082623
57.285762 0.079351
57.319106 0.077191
57.352451 0.076173
57.385795 0.076146
57.419140 0.076834
57.452484 0.077919
57.485829 0.079127
57.519173 0.080283
57.552518 0.081349
57.585862 0.082403
57.619206 0.083598
57.652551 0.085093
57.685895 0.086984
57.719240 0.089254
57.752584 0.091751
57.785929 0.094214
57.819273 0.096324
57.852618 0.097779
57.885962 0.098380
57.919306 0.098081
57.952651 0.097026
57.985995 0.095525
58.019340 0.094001
58.052684 0.092905
58.086029 0.092619
58.119373 0.093378
58.152718 0.095216
58.186062 0.097956
58.219406 0.101245
58.252751 0.104628
58.286095 0.107629
58.319440 0.109849
58.352784 0.111025
58.386129 0.111068
58.419473 0.110055
58.452818 0.108188
58.486162 0.105735
58.519507 0.102956
58.552851 0.100058
58.586195 0.097158
58.619540 0.094292
58.652884 0.091439
58.686229 0.088571
58.719573 0.085700
58.752918 0.082911
58.786262 0.080370
58.819607 0.078304
58.852951 0.076954
58.886295 0.076519
58.919640 0.077094
58.952984 0.078640
58.986329 0.080969
59.019673 0.083779
59.053018 0.086705
59.086362 0.089398
59.119707 0.091598
59.153051 0.093185
59.186395 0.094205
59.219740 0.094851
59.253084 0.095408
59.286429 0.096180
59.319773 0.097404
59.353118 0.099189
59.386462 0.101482
59.419807 0.104072
59.453151 0.106638
59.486495 0.108829
59.519840 0.110344
59.553184 0.111012
59.586529 0.110835
59.619873 0.109992
59.653218 0.108798
59.686562 0.107633
59.719907 0.106844
59.753251 0.106667
59.786596 0.107161
59.819940 0.108197
59.853284 0.109480
59.886629 0.110625
59.919973 0.111247
59.953318 0.111059
59.986662 0.109950
60.020007 0.108018
60.053351 0.105563
60.086696 0.103032
60.120040 0.100927
60.153384 0.099712
60.186729 0.099717
60.220073 0.101089
60.253418 0.103775
60.286762 0.107558
60.320107 0.112122
60.353451 0.117140
60.386796 0.122353
60.420140 0.127629
60.453484 0.132974
60.486829 0.138506
60.520173 0.144393
60.553518 0.150765
60.586862 0.157631
60.620207 0.164830
60.653551 0.172004
60.686896 0.178637
60.720240 0.184125
60.753585 0.187887
60.786929 0.189469
60.820273 0.188645
60.853618 0.185473
60.886962 0.180299
60.920307 0.173718
60.953651 0.166486
60.986996 0.159404
61.020340 0.153207
61.053685 0.148467
61.087029 0.145525
61.120373 0.144476
61.153718 0.145185
61.187062 0.147336
61.220407 0.150502
61.253751 0.154207
61.287096 0.157979
61.320440 0.161385
61.353785 0.164043
61.387129 0.165624
61.420473 0.165843
61.453818 0.164466
61.487162 0.161320
61.520507 0.156320
61.553851 0.149503
61.587196 0.141060
61.620540 0.131353
61.653885 0.120907
61.687229 0.110375
61.720574 0.100467
61.753918 0.091868
61.787262 0.085140
61.820607 0.080649
61.853951 0.078508
61.887296 0.078567
61.920640 0.080446
61.953985 0.083601
61.987329 0.087417
62.020674 0.091307
62.054018 0.094790
62.087362 0.097556
62.120707 0.099472
62.154051 0.100576
62.187396 0.101022
62.220740 0.101022
62.254085 0.100793
62.287429 0.100507
62.320774 0.100280
62.354118 0.100177
62.387462 0.100235
62.420807 0.100500
62.454151 0.101053
62.487496 0.102017
62.520840 0.103549
62.554185 0.105800
62.587529 0.108871
62.620874 0.112769
62.654218 0.117371
62.687563 0.122421
62.720907 0.127553
62.754251 0.132350
62.787596 0.136411
62.820940 0.139429
62.854285 0.141245
62.887629 0.141878
62.920974 0.141509
62.954318 0.140437
62.987663 0.138998
63.021007 0.137480
63.054351 0.136049
63.087696 0.134703
63.121040 0.133272
63.154385 0.131450
63.187729 0.128882
63.221074 0.125249
63.254418 0.120363
63.287763 0.114232
63.321107 0.107081
63.354451 0.099330
63.387796 0.091528
63.421140 0.084251
63.454485 0.078006
63.487829 0.073141
63.521174 0.069795
63.554518 0.067895
63.587863 0.067192
63.621207 0.067343
63.654552 0.068000
63.687896 0.068892
63.721240 0.069884
63.754585 0.070991
63.787929 0.072353
63.821274 0.074169
63.854618 0.076625
63.887963 0.079815
63.921307 0.083690
63.954652 0.088052
63.987996 0.092581
64.021340 0.096907
64.054685 0.100692
64.088029 0.103717
64.121374 0.105936
64.154718 0.107497
64.188063 0.108711
64.221407 0.109975
64.254752 0.111677
64.288096 0.114094
64.321440 0.117308
64.354785 0.121172
64.388129 0.125321
64.421474 0.129236
64.454818 0.132350
64.488163 0.134162
64.521507 0.134341
64.554852 0.132803
64.588196 0.129727
64.621541 0.125525
64.654885 0.120760
64.688229 0.116040
64.721574 0.111907
64.754918 0.108749
64.788263 0.106748
64.821607 0.105883
64.854952 0.105968
64.888296 0.106734
64.921641 0.107904
64.954985 0.109274
64.988329 0.110753
65.021674 0.112360
65.055018 0.114195
65.088363 0.116371
65.121707 0.118940
65.155052 0.121841
65.188396 0.124867
65.221741 0.127678
65.255085 0.129854
65.288429 0.130978
65.321774 0.130726
65.355118 0.128946
65.388463 0.125701
65.421807 0.121275
65.455152 0.116122
65.488496 0.110786
65.521841 0.105797
65.555185 0.101573
65.588530 0.098350
65.621874 0.096154
65.655218 0.094819
65.688563 0.094057
65.721907 0.093544
65.755252 0.093018
65.788596 0.092360
65.821941 0.091631
65.855285 0.091070
65.888630 0.091041
65.921974 0.091948
65.955318 0.094139
65.988663 0.097817
66.022007 0.102981
66.055352 0.109414
66.088696 0.116707
66.122041 0.124338
66.155385 0.131750
66.188730 0.138453
66.222074 0.144088
66.255418 0.148469
66.288763 0.151576
66.322107 0.153523
66.355452 0.154490
66.388796 0.154656
66.422141 0.154143
66.455485 0.152986
66.488830 0.151132
66.522174 0.148472
66.555519 0.144899
66.588863 0.140363
66.622207 0.134924
66.655552 0.128775
66.688896 0.122240
66.722241 0.115739
66.755585 0.109731
66.788930 0.104650
66.822274 0.100842
66.855619 0.098527
66.888963 0.097781
66.922307 0.098551
66.955652 0.100680
66.988996 0.103957
67.022341 0.108147
67.055685 0.113028
67.089030 0.118395
67.122374 0.124058
67.155719 0.129821
67.189063 0.135461
67.222407 0.140725
67.255752 0.145326
67.289096 0.148973
67.322441 0.151408
67.355785 0.152453
67.389130 0.152047
67.422474 0.150270
67.455819 0.147335
67.489163 0.143559
67.522508 0.139302
67.555852 0.134904
67.589196 0.130618
67.622541 0.126567
67.655885 0.122728
67.689230 0.118958
67.722574 0.115042
67.755919 0.110767
67.789263 0.105994
67.822608 0.100714
67.855952 0.095071
67.889296 0.089352
67.922641 0.083932
67.955985 0.079199
67.989330 0.075469
68.022674 0.072921
68.056019 0.071548
68.089363 0.071164
68.122708 0.071449
68.156052 0.072019
68.189396 0.072520
68.222741 0.072714
68.256085 0.072530
68.289430 0.072078
68.322774 0.071621
68.356119 0.071494
68.389463 0.072020
68.422808 0.073408
68.456152 0.075686
68.489496 0.078671
68.522841 0.081994
68.556185 0.085161
68.589530 0.087657
68.622874 0.089055
68.656219 0.089106
68.689563 0.087795
68.722908 0.085350
68.756252 0.082188
68.789597 0.078835
68.822941 0.075818
68.856285 0.073556
68.889630 0.072290
68.922974 0.072055
68.956319 0.072694
68.989663 0.073925
69.023008 0.075433
69.056352 0.076960
69.089697 0.078383
69.123041 0.079743
69.156385 0.081235
69.189730 0.083149
69.223074 0.085778
69.256419 0.089326
69.289763 0.093824
69.323108 0.099086
69.356452 0.104718
69.389797 0.110171
69.423141 0.114831
69.456485 0.118135
69.489830 0.119670
69.523174 0.119248
69.556519 0.116940
69.589863 0.113047
69.623208 0.108038
69.656552 0.102456
69.689897 0.096819
69.723241 0.091533
69.756586 0.086846
69.789930 0.082835
69.823274 0.079442
69.856619 0.076528
69.889963 0.073943
69.923308 0.071590
69.956652 0.069453
69.989997 0.067608
70.023341 0.066185
70.056686 0.065324
70.090030 0.065116
70.123374 0.065558
70.156719 0.066536
70.190063 0.067836
70.223408 0.069193
70.256752 0.070349
70.290097 0.071123
70.323441 0.071463
70.356786 0.071462
70.390130 0.071348
70.423474 0.071424
70.456819 0.071993
70.490163 0.073279
70.523508 0.075351
70.556852 0.078092
70.590197 0.081203
70.623541 0.084256
70.656886 0.086774
70.690230 0.088331
70.723575 0.088645
70.756919 0.087638
70.790263 0.085460
70.823608 0.082459
70.856952 0.079114
70.890297 0.075942
70.923641 0.073398
70.956986 0.071794
70.990330 0.071258
71.023675 0.071722
71.057019 0.072973
71.090363 0.074710
71.123708 0.076630
71.157052 0.078498
71.190397 0.080189
71.223741 0.081694
71.257086 0.083099
71.290430 0.084520
71.323775 0.086047
71.357119 0.087682
71.390463 0.089311
71.423808 0.090706
71.457152 0.091566
71.490497 0.091582
71.523841 0.090514
71.557186 0.088256
71.590530 0.084876
71.623875 0.080616
71.657219 0.075856
71.690564 0.071040
71.723908 0.066588
71.757252 0.062818
71.790597 0.059883
71.823941 0.057752
71.857286 0.056233
71.890630 0.055031
71.923975 0.053830
71.957319 0.052374
71.990664 0.050537
72.024008 0.048351
72.057352 0.045999
72.090697 0.043765
72.124041 0.041956
72.157386 0.040827
72.190730 0.040505
72.224075 0.040950
72.257419 0.041959
72.290764 0.043206
72.324108 0.044309
72.357452 0.044919
72.390797 0.044791
72.424141 0.043841
72.457486 0.042155
72.490830 0.039964
72.524175 0.037589
72.557519 0.035361
72.590864 0.033547
72.624208 0.032299
72.657553 0.031624
72.690897 0.031403
72.724241 0.031434
72.757586 0.031494
72.790930 0.031409
72.824275 0.031102
72.857619 0.030612
72.890964 0.030085
72.924308 0.029731
72.957653 0.029763
72.990997 0.030335
73.024341 0.031498
73.057686 0.033173
73.091030 0.035172
73.124375 0.037240
73.157719 0.039113
73.191064 0.040588
73.224408 0.041568
73.257753 0.042090
73.291097 0.042305
73.324441 0.042438
73.357786 0.042724
73.391130 0.043336
73.424475 0.044335
73.457819 0.045641
73.491164 0.047050
73.524508 0.048273
73.557853 0.049016
73.591197 0.049051
73.624542 0.048286
73.657886 0.046796
73.691230 0.044823
73.724575 0.042733
73.757919 0.040936
73.791264 0.039804
73.824608 0.039588
73.857953 0.040363
73.891297 0.042017
73.924642 0.044280
73.957986 0.046785
73.991330 0.049160
74.024675 0.051110
74.058019 0.052480
74.091364 0.053290
74.124708 0.053711
74.158053 0.054022
74.191397 0.054521
74.224742 0.055449
74.258086 0.056919
74.291430 0.058882
74.324775 0.061134
74.358119 0.063366
74.391464 0.065237
74.424808 0.066469
74.458153 0.066916
74.491497 0.066609
74.524842 0.065764
74.558186 0.064733
74.591531 0.063932
74.624875 0.063744
74.658219 0.064430
74.691564 0.066071
74.724908 0.068538
74.758253 0.071518
74.791597 0.074578
74.824942 0.077253
74.858286 0.079138
74.891631 0.079965
74.924975 0.079648
74.958319 0.078284
74.991664 0.076113
75.025008 0.073456
75.058353 0.070636
75.091697 0.067909
75.125042 0.065423
75.158386 0.063210
75.191731 0.061210
75.225075 0.059327
75.258419 0.057493
75.291764 0.055718
75.325108 0.054125
75.358453 0.052946
75.391797 0.052482
75.425142 0.053040
75.458486 0.054855
75.491831 0.058025
75.525175 0.062466
75.558520 0.067903
75.591864 0.073904
75.625208 0.079945
75.658553 0.085492
75.691897 0.090088
75.725242 0.093417
75.758586 0.095343
75.791931 0.095910
75.825275 0.095301
75.858620 0.093789
75.891964 0.091664
75.925308 0.089177
75.958653 0.086508
75.991997 0.083752
76.025342 0.080944
76.058686 0.078090
76.092031 0.075213
76.125375 0.072381
76.158720 0.069718
76.192064 0.067392
76.225408 0.065577
76.258753 0.064403
76.292097 0.063908
76.325442 0.064006
76.358786 0.064484
76.392131 0.065027
76.425475 0.065276
76.458820 0.064902
76.492164 0.063675
76.525509 0.061524
76.558853 0.058563
76.592197 0.055071
76.625542 0.051450
76.658886 0.048140
76.692231 0.045537
76.725575 0.043917
76.758920 0.043381
76.792264 0.043851
76.825609 0.045092
76.858953 0.046774
76.892297 0.048553
76.925642 0.050142
76.958986 0.051371
76.992331 0.052208
77.025675 0.052747
77.059020 0.053164
77.092364 0.053646
77.125709 0.054333
77.159053 0.055263
77.192397 0.056351
77.225742 0.057408
77.259086 0.058186
77.292431 0.058445
77.325775 0.058021
77.359120 0.056885
77.392464 0.055163
77.425809 0.053126
77.459153 0.051140
77.492497 0.049594
77.525842 0.048824
77.559186 0.049043
77.592531 0.050303
77.625875 0.052495
77.659220 0.055387
77.692564 0.058684
77.725909 0.062111
77.759253 0.065480
77.792598 0.068732
77.825942 0.071950
77.859286 0.075328
77.892631 0.079105
77.925975 0.083493
77.959320 0.088599
77.992664 0.094369
78.026009 0.100579
78.059353 0.106849
78.092698 0.112708
78.126042 0.117668
78.159386 0.121317
78.192731 0.123384
78.226075 0.123779
78.259420 0.122593
78.292764 0.120066
78.326109 0.116524
78.359453 0.112305
78.392798 0.107701
78.426142 0.102913
78.459486 0.098047
78.492831 0.093132
78.526175 0.088172
78.559520 0.083192
78.592864 0.078287
78.626209 0.073644
78.659553 0.069526
78.692898 0.066238
78.726242 0.064060
78.759587 0.063178
78.792931 0.063625
78.826275 0.065257
78.859620 0.067752
78.892964 0.070660
78.926309 0.073477
78.959653 0.075730
78.992998 0.077061
79.026342 0.077286
79.059687 0.076413
79.093031 0.074628
79.126375 0.072235
79.159720 0.069588
79.193064 0.067008
79.226409 0.064727
79.259753 0.062854
79.293098 0.061381
79.326442 0.060224
79.359787 0.059277
79.393131 0.058477
79.426475 0.057848
79.459820 0.057515
79.493164 0.057689
79.526509 0.058609
79.559853 0.060473
79.593198 0.063361
79.626542 0.067178
79.659887 0.071636
79.693231 0.076268
79.726576 0.080501
79.759920 0.083744
79.793264 0.085495
79.826609 0.085435
79.859953 0.083493
79.893298 0.079854
79.926642 0.074934
79.959987 0.069297
79.993331 0.063562
80.026676 0.058294
80.060020 0.053917
80.093364 0.050673
80.126709 0.048608
80.160053 0.047609
80.193398 0.047473
80.226742 0.047978
80.260087 0.048950
80.293431 0.050305
80.326776 0.052053
80.360120 0.054266
80.393464 0.057031
80.426809 0.060381
80.460153 0.064247
80.493498 0.068431
80.526842 0.072615
80.560187 0.076409
80.593531 0.079415
80.626876 0.081314
80.660220 0.081931
80.693565 0.081277
80.726909 0.079557
80.760253 0.077124
80.793598 0.074417
80.826942 0.071869
80.860287 0.069823
80.893631 0.068468
80.926976 0.067816
80.960320 0.067712
80.993665 0.067889
81.027009 0.068037
81.060353 0.067889
81.093698 0.067284
81.127042 0.066200
81.160387 0.064760
81.193731 0.063187
81.227076 0.061752
81.260420 0.060698
81.293765 0.060179
81.327109 0.060226
81.360453 0.060741
81.393798 0.061522
81.427142 0.062322
81.460487 0.062905
81.493831 0.063108
81.527176 0.062871
81.560520 0.062245
81.593865 0.061365
81.627209 0.060408
81.660554 0.059526
81.693898 0.058806
81.727242 0.058235
81.760587 0.057701
81.793931 0.057025
81.827276 0.056009
81.860620 0.054506
81.893965 0.052465
81.927309 0.049966
81.960654 0.047219
81.993998 0.044526
82.027342 0.042218
82.060687 0.040584
82.094031 0.039800
82.127376 0.039882
82.160720 0.040679
82.194065 0.041894
82.227409 0.043151
82.260754 0.044069
82.294098 0.044349
82.327442 0.043830
82.360787 0.042525
82.394131 0.040607
82.427476 0.038371
82.460820 0.036153
82.494165 0.034262
82.527509 0.032903
82.560854 0.032141
82.594198 0.031896
82.627543 0.031971
82.660887 0.032113
82.694231 0.032082
82.727576 0.031717
82.760920 0.030977
82.794265 0.029954
82.827609 0.028843
82.860954 0.027896
82.894298 0.027355
82.927643 0.027387
82.960987 0.028047
82.994331 0.029260
83.027676 0.030846
83.061020 0.032565
83.094365 0.034181
83.127709 0.035524
83.161054 0.036529
83.194398 0.037252
83.227743 0.037847
83.261087 0.038524
83.294431 0.039481
83.327776 0.040843
83.361120 0.042620
83.394465 0.044689
83.427809 0.046821
83.461154 0.048724
83.494498 0.050117
83.527843 0.050797
83.561187 0.050692
83.594532 0.049878
83.627876 0.048572
83.661220 0.047072
83.694565 0.045691
83.727909 0.044678
83.761254 0.044158
83.794598 0.044098
83.827943 0.044317
83.861287 0.044530
83.894632 0.044426
83.927976 0.043751
83.961320 0.042379
83.994665 0.040359
84.028009 0.037920
84.061354 0.035428
84.094698 0.033315
84.128043 0.031987
84.161387 0.031733
84.194732 0.032662
84.228076 0.034678
84.261420 0.037496
84.294765 0.040704
84.328109 0.043848
84.361454 0.046528
84.394798 0.048473
84.428143 0.049587
84.461487 0.049961
84.494832 0.049828
84.528176 0.049503
84.561521 0.049297
84.594865 0.049446
84.628209 0.050056
84.661554 0.051088
84.694898 0.052374
84.728243 0.053673
84.761587 0.054731
84.794932 0.055348
84.828276 0.055422
84.861621 0.054970
84.894965 0.054111
84.928309 0.053023
84.961654 0.051886
84.994998 0.050833
85.028343 0.049903
85.061687 0.049039
85.095032 0.048103
85.128376 0.046923
85.161721 0.045349
85.195065 0.043313
85.228409 0.040859
85.261754 0.038153
85.295098 0.035458
85.328443 0.033080
85.361787 0.031298
85.395132 0.030300
85.428476 0.030137
85.461821 0.030704
85.495165 0.031765
85.528510 0.033002
85.561854 0.034092
85.595198 0.034780
85.628543 0.034935
85.661887 0.034584
85.695232 0.033898
85.728576 0.033145
85.761921 0.032623
85.795265 0.032578
85.828610 0.033139
85.861954 0.034281
85.895298 0.035822
85.928643 0.037463
85.961987 0.038857
85.995332 0.039686
86.028676 0.039738
86.062021 0.038958
86.095365 0.037458
86.128710 0.035493
86.162054 0.033400
86.195398 0.031525
86.228743 0.030141
86.262087 0.029394
86.295432 0.029278
86.328776 0.029648
86.362121 0.030264
86.395465 0.030865
86.428810 0.031238
86.462154 0.031273
86.495498 0.030991
86.528843 0.030536
86.562187 0.030132
86.595532 0.030018
86.628876 0.030376
86.662221 0.031279
86.695565 0.032660
86.728910 0.034317
86.762254 0.035960
86.795599 0.037278
86.828943 0.038011
86.862287 0.038017
86.895632 0.037308
86.928976 0.036050
86.962321 0.034523
86.995665 0.033055
87.029010 0.031946
87.062354 0.031390
87.095699 0.031430
87.129043 0.031948
87.162387 0.032691
87.195732 0.033336
87.229076 0.033564
87.262421 0.033142
87.295765 0.031980
87.329110 0.030151
87.362454 0.027876
87.395799 0.025475
87.429143 0.023287
87.462487 0.021601
87.495832 0.020586
87.529176 0.020262
87.562521 0.020505
87.595865 0.021091
87.629210 0.021758
87.662554 0.022281
87.695899 0.022532
87.729243 0.022515
87.762588 0.022364
87.795932 0.022306
87.829276 0.022601
87.862621 0.023465
87.895965 0.025010
87.929310 0.027207
87.962654 0.029883
87.995999 0.032756
88.029343 0.035500
88.062688 0.037813
88.096032 0.039492
88.129376 0.040474
88.162721 0.040844
88.196065 0.040811
88.229410 0.040648
88.262754 0.040616
88.296099 0.040893
88.329443 0.041531
88.362788 0.042435
88.396132 0.043388
88.429476 0.044113
88.462821 0.044343
88.496165 0.043900
88.529510 0.042751
88.562854 0.041027
88.596199 0.039008
88.629543 0.037063
88.662888 0.035570
88.696232 0.034832
88.729577 0.035003
88.762921 0.036056
88.796265 0.037783
88.829610 0.039845
88.862954 0.041841
88.896299 0.043403
88.929643 0.044272
88.962988 0.044348
88.996332 0.043707
89.029677 0.042568
89.063021 0.041234
89.096365 0.040009
89.129710 0.039126
89.163054 0.038690
89.196399 0.038663
89.229743 0.038880
89.263088 0.039112
89.296432 0.039134
89.329777 0.038801
89.363121 0.038101
89.396465 0.037178
89.429810 0.036306
89.463154 0.035828
89.496499 0.036084
89.529843 0.037313
89.563188 0.039596
89.596532 0.042816
89.629877 0.046668
89.663221 0.050713
89.696566 0.054454
89.729910 0.057436
89.763254 0.059325
89.796599 0.059970
89.829943 0.059415
89.863288 0.057878
89.896632 0.055684
89.929977 0.053195
89.963321 0.050722
89.996666 0.048468
90.030010 0.046502
90.063354 0.044764
90.096699 0.043108
90.130043 0.041362
90.163388 0.039395
90.196732 0.037159
90.230077 0.034717
90.263421 0.032229
90.296766 0.029911
90.330110 0.027978
90.363454 0.026585
90.396799 0.025780
90.430143 0.025489
90.463488 0.025530
90.496832 0.025657
90.530177 0.025623
90.563521 0.025245
90.596866 0.024455
90.630210 0.023320
90.663555 0.022033
90.696899 0.020864
90.730243 0.020103
90.763588 0.019981
90.796932 0.020622
90.830277 0.022008
90.863621 0.023989
90.896966 0.026316
90.930310 0.028712
90.963655 0.030937
90.996999 0.032850
91.030343 0.034444
91.063688 0.035843
91.097032 0.037266
91.130377 0.038965
91.163721 0.041148
91.197066 0.043914
91.230410 0.047211
91.263755 0.050836
91.297099 0.054461
91.330443 0.057704
91.363788 0.060210
91.397132 0.061722
91.430477 0.062141
91.463821 0.061542
91.497166 0.060153
91.530510 0.058300
91.563855 0.056328
91.597199 0.054524
91.630544 0.053054
91.663888 0.051937
91.697232 0.051054
91.730577 0.050195
91.763921 0.049131
91.797266 0.047687
91.830610 0.045803
91.863955 0.043565
91.897299 0.041193
91.930644 0.038993
91.963988 0.037286
91.997332 0.036321
92.030677 0.036209
92.064021 0.036885
92.097366 0.038107
92.130710 0.039506
92.164055 0.040662
92.197399 0.041196
92.230744 0.040854
92.264088 0.039565
92.297432 0.037457
92.330777 0.034828
92.364121 0.032078
92.397466 0.029621
92.430810 0.027792
92.464155 0.026781
92.497499 0.026599
92.530844 0.027090
92.564188 0.027983
92.597533 0.028971
92.630877 0.029794
92.664221 0.030308
92.697566 0.030525
92.730910 0.030605
92.764255 0.030811
92.797599 0.031433
92.830944 0.032705
92.864288 0.034729
92.897633 0.037439
92.930977 0.040590
92.964321 0.043812
92.997666 0.046677
93.031010 0.048796
93.064355 0.049902
93.097699 0.049913
93.131044 0.048944
93.164388 0.047287
93.197733 0.045341
93.231077 0.043528
93.264421 0.042201
93.297766 0.041573
93.331110 0.041684
93.364455 0.042404
93.397799 0.043485
93.431144 0.044624
93.464488 0.045554
93.497833 0.046101
93.531177 0.046227
93.564522 0.046030
93.597866 0.045704
93.631210 0.045475
93.664555 0.045533
93.697899 0.045967
93.731244 0.046731
93.764588 0.047648
93.797933 0.048447
93.831277 0.048831
93.864622 0.048553
93.897966 0.047488
93.931310 0.045669
93.964655 0.043294
93.997999 0.040690
94.031344 0.038241
94.064688 0.036312
94.098033 0.035160
94.131377 0.034887
94.164722 0.035412
94.198066 0.036500
94.231410 0.037813
94.264755 0.038992
94.298099 0.039739
94.331444 0.039877
94.364788 0.039385
94.398133 0.038393
94.431477 0.037136
94.464822 0.035888
94.498166 0.034889
94.531511 0.034287
94.564855 0.034095
94.598199 0.034202
94.631544 0.034400
94.664888 0.034453
94.698233 0.034155
94.731577 0.033398
94.764922 0.032196
94.798266 0.030690
94.831611 0.029109
94.864955 0.027711
94.898299 0.026712
94.931644 0.026227
94.964988 0.026235
94.998333 0.026577
95.031677 0.026995
95.065022 0.027194
95.098366 0.026918
95.131711 0.026021
95.165055 0.024509
95.198399 0.022551
95.231744 0.020444
95.265088 0.018553
95.298433 0.017227
95.331777 0.016718
95.365122 0.017124
95.398466 0.018364
95.431811 0.020195
95.465155 0.022268
95.498499 0.024206
95.531844 0.025686
95.565188 0.026513
95.598533 0.026652
95.631877 0.026233
95.665222 0.025508
95.698566 0.024785
95.731911 0.024347
95.765255 0.024389
95.798600 0.024962
95.831944 0.025976
95.865288 0.027222
95.898633 0.028430
95.931977 0.029345
95.965322 0.029794
95.998666 0.029728
96.032011 0.029244
96.065355 0.028557
96.098700 0.027951
96.132044 0.027709
96.165388 0.028044
96.198733 0.029050
96.232077 0.030681
96.265422 0.032765
96.298766 0.035046
96.332111 0.037248
96.365455 0.039140
96.398800 0.040584
96.432144 0.041559
96.465488 0.042153
96.498833 0.042525
96.532177 0.042846
96.565522 0.043243
96.598866 0.043753
96.632211 0.044305
96.665555 0.044728
96.698900 0.044800
96.732244 0.044304
96.765589 0.043092
96.798933 0.041135
96.832277 0.038548
96.865622 0.035571
96.898966 0.032532
96.932311 0.029776
96.965655 0.027591
96.999000 0.026147
97.032344 0.025462
97.065689 0.025402
97.099033 0.025718
97.132377 0.026106
97.165722 0.026289
97.199066 0.026076
97.232411 0.025413
97.265755 0.024390
97.299100 0.023211
97.332444 0.022143
97.365789 0.021437
97.399133 0.021263
97.432477 0.021661
97.465822 0.022523
97.499166 0.023620
97.532511 0.024649
97.565855 0.025315
97.599200 0.025394
97.632544 0.024798
97.665889 0.023594
97.699233 0.021989
97.732578 0.020283
97.765922 0.018795
97.799266 0.017786
97.832611 0.017398
97.865955 0.017618
97.899300 0.018285
97.932644 0.019127
97.965989 0.019836
97.999333 0.020140
98.032678 0.019876
98.066022 0.019030
98.099366 0.017744
98.132711 0.016280
98.166055 0.014966
98.199400 0.014107
98.232744 0.013922
98.266089 0.014489
98.299433 0.015730
98.332778 0.017431
98.366122 0.019299
98.399466 0.021029
98.432811 0.022381
98.466155 0.023231
98.499500 0.023595
98.532844 0.023619
98.566189 0.023530
98.599533 0.023574
98.632878 0.023948
98.666222 0.024751
98.699567 0.025951
98.732911 0.027406
98.766255 0.028899
98.799600 0.030206
98.832944 0.031161
98.866289 0.031710
98.899633 0.031934
98.932978 0.032041
98.966322 0.032313
98.999667 0.033044
99.033011 0.034460
99.066355 0.036652
99.099700 0.039548
99.133044 0.042907
99.166389 0.046368
99.199733 0.049515
99.233078 0.051966
99.266422 0.053447
99.299767 0.053851
99.333111 0.053245
99.366455 0.051860
99.399800 0.050022
99.433144 0.048084
99.466489 0.046348
99.499833 0.045004
99.533178 0.044108
99.566522 0.043587
99.599867 0.043284
99.633211 0.043022
99.666556 0.042665
99.699900 0.042174
99.733244 0.041625
99.766589 0.041196
99.799933 0.041119
99.833278 0.041618
99.866622 0.042835
99.899967 0.044776
99.933311 0.047294
99.966656 0.050094
100.000000 0.052790
