0.000000 0.000000
0.033344 0.000003
0.066689 0.000013
0.100033 0.000030
0.133378 0.000054
0.166722 0.000086
0.200067 0.000121
0.233411 0.000158
0.266756 0.000192
0.300100 0.000216
0.333444 0.000229
0.366789 0.000228
0.400133 0.000215
0.433478 0.000194
0.466822 0.000172
0.500167 0.000154
0.533511 0.000148
0.566856 0.000155
0.600200 0.000174
0.633545 0.000201
0.666889 0.000228
0.700233 0.000247
0.733578 0.000252
0.766922 0.000239
0.800267 0.000209
0.833611 0.000170
0.866956 0.000131
0.900300 0.000101
0.933645 0.000090
0.966989 0.000101
1.000333 0.000134
1.033678 0.000181
1.067022 0.000232
1.100367 0.000273
1.133711 0.000294
1.167056 0.000289
1.200400 0.000260
1.233745 0.000214
1.267089 0.000164
1.300433 0.000125
1.333778 0.000109
1.367122 0.000125
1.400467 0.000171
1.433811 0.000238
1.467156 0.000311
1.500500 0.000371
1.533845 0.000403
1.567189 0.000396
1.600534 0.000348
1.633878 0.000268
1.667222 0.000173
1.700567 0.000084
1.733911 0.000022
1.767256 -0.000001
1.800600 0.000020
1.833945 0.000078
1.867289 0.000155
1.900634 0.000230
1.933978 0.000279
1.967322 0.000285
2.000667 0.000242
2.034011 0.000157
2.067356 0.000047
2.100700 -0.000064
2.134045 -0.000150
2.167389 -0.000190
2.200734 -0.000176
2.234078 -0.000112
2.267422 -0.000016
2.300767 0.000085
2.334111 0.000162
2.367456 0.000191
2.400800 0.000158
2.434145 0.000068
2.467489 -0.000064
2.500834 -0.000207
2.534178 -0.000330
2.567523 -0.000404
2.600867 -0.000412
2.634211 -0.000354
2.667556 -0.000245
2.700900 -0.000115
2.734245 0.000001
2.767589 0.000070
2.800934 0.000071
2.834278 0.000000
2.867623 -0.000127
2.900967 -0.000282
2.934311 -0.000425
2.967656 -0.000519
3.001000 -0.000541
3.034345 -0.000481
3.067689 -0.000354
3.101034 -0.000191
3.134378 -0.000032
3.167723 0.000079
3.201067 0.000113
3.234411 0.000057
3.267756 -0.000078
3.301100 -0.000263
3.334445 -0.000453
3.367789 -0.000600
3.401134 -0.000670
3.434478 -0.000643
3.467823 -0.000526
3.501167 -0.000349
3.534512 -0.000157
3.567856 -0.000001
3.601200 0.000076
3.634545 0.000053
3.667889 -0.000069
3.701234 -0.000261
3.734578 -0.000477
3.767923 -0.000660
3.801267 -0.000764
3.834612 -0.000759
3.867956 -0.000644
3.901300 -0.000446
3.934645 -0.000213
3.967989 -0.000006
4.001334 0.000121
4.034678 0.000132
4.068023 0.000020
4.101367 -0.000189
4.134712 -0.000447
4.168056 -0.000690
4.201400 -0.000855
4.234745 -0.000902
4.268089 -0.000818
4.301434 -0.000625
4.334778 -0.000375
4.368123 -0.000136
4.401467 0.000023
4.434812 0.000052
4.468156 -0.000066
4.501501 -0.000311
4.534845 -0.000630
4.568189 -0.000947
4.601534 -0.001186
4.634878 -0.001286
4.668223 -0.001221
4.701567 -0.001006
4.734912 -0.000695
4.768256 -0.000367
4.801601 -0.000109
4.834945 0.000011
4.868289 -0.000043
4.901634 -0.000261
4.934978 -0.000588
4.968323 -0.000940
5.001667 -0.001223
5.035012 -0.001359
5.068356 -0.001306
5.101701 -0.001072
5.135045 -0.000715
5.168389 -0.000329
5.201734 -0.000020
5.235078 0.000122
5.268423 0.000043
5.301767 -0.000250
5.335112 -0.000699
5.368456 -0.001197
5.401801 -0.001626
5.435145 -0.001877
5.468489 -0.001889
5.501834 -0.001661
5.535178 -0.001258
5.568523 -0.000795
5.601867 -0.000407
5.635212 -0.000214
5.668556 -0.000283
5.701901 -0.000608
5.735245 -0.001103
5.768590 -0.001617
5.801934 -0.001964
5.835278 -0.001957
5.868623 -0.001438
5.901967 -0.000282
5.935312 0.001619
5.968656 0.004411
6.002001 0.008349
6.035345 0.013880
6.068690 0.021703
6.102034 0.032798
6.135378 0.048385
6.168723 0.069818
6.202067 0.098407
6.235412 0.135188
6.268756 0.180674
6.302101 0.234630
6.335445 0.295907
6.368790 0.362393
6.402134 0.431086
6.435478 0.498301
6.468823 0.560005
6.502167 0.612223
6.535512 0.651476
6.568856 0.675179
6.602201 0.681945
6.635545 0.671741
6.668890 0.645887
6.702234 0.606877
6.735579 0.558062
6.768923 0.503243
6.802267 0.446226
6.835612 0.390420
6.868956 0.338512
6.902301 0.292286
6.935645 0.252577
6.968990 0.219375
7.002334 0.192034
7.035679 0.169549
7.069023 0.150843
7.102367 0.135022
7.135712 0.121543
7.169056 0.110294
7.202401 0.101557
7.235745 0.095896
7.269090 0.093974
7.302434 0.096360
7.335779 0.103342
7.369123 0.114801
7.402467 0.130156
7.435812 0.148387
7.469156 0.168142
7.502501 0.187889
7.535845 0.206114
7.569190 0.221502
7.602534 0.233103
7.635879 0.240432
7.669223 0.243509
7.702568 0.242821
7.735912 0.239229
7.769256 0.233812
7.802601 0.227697
7.835945 0.221891
7.869290 0.217134
7.902634 0.213810
7.935979 0.211921
7.969323 0.211124
8.002668 0.210843
8.036012 0.210416
8.069356 0.209268
8.102701 0.207082
8.136045 0.203922
8.169390 0.200299
8.202734 0.197166
8.236079 0.195816
8.269423 0.197728
8.302768 0.204347
8.336112 0.216860
8.369456 0.235981
8.402801 0.261798
8.436145 0.293692
8.469490 0.330352
8.502834 0.369884
8.536179 0.409989
8.569523 0.448192
8.602868 0.482093
8.636212 0.509580
8.669557 0.529012
8.702901 0.539317
8.736245 0.540034
8.769590 0.531278
8.802934 0.513670
8.836279 0.488229
8.869623 0.456275
8.902968 0.419329
8.936312 0.379044
8.969657 0.337141
9.003001 0.295362
9.036345 0.255408
9.069690 0.218878
9.103034 0.187183
9.136379 0.161466
9.169723 0.142530
9.203068 0.130809
9.236412 0.126383
9.269757 0.129079
9.303101 0.138627
9.336445 0.154867
9.369790 0.177966
9.403134 0.208586
9.436479 0.247973
9.469823 0.297893
9.503168 0.360430
9.536512 0.437617
9.569857 0.530979
9.603201 0.641024
9.636546 0.766804
9.669890 0.905619
9.703234 1.052953
9.736579 1.202693
9.769923 1.347619
9.803268 1.480142
9.836612 1.593166
9.869957 1.680977
9.903301 1.739997
9.936646 1.769287
9.969990 1.770710
10.003334 1.748703
10.036679 1.709696
10.070023 1.661253
10.103368 1.611061
10.136712 1.565937
10.170057 1.530983
10.203401 1.509034
10.236746 1.500466
10.270090 1.503368
10.303434 1.514044
10.336779 1.527741
10.370123 1.539457
10.403468 1.544715
10.436812 1.540162
10.470157 1.523915
10.503501 1.495634
10.536846 1.456334
10.570190 1.408009
10.603535 1.353155
10.636879 1.294309
10.670223 1.233681
10.703568 1.172940
10.736912 1.113177
10.770257 1.055024
10.803601 0.998863
10.836946 0.945078
10.870290 0.894252
10.903635 0.847271
10.936979 0.805297
10.970323 0.769625
11.003668 0.741438
11.037012 0.721550
11.070357 0.710167
11.103701 0.706755
11.137046 0.710038
11.170390 0.718138
11.203735 0.728853
11.237079 0.740007
11.270423 0.749822
11.303768 0.757242
11.337112 0.762144
11.370457 0.765403
11.403801 0.768784
11.437146 0.774692
11.470490 0.785802
11.503835 0.804637
11.537179 0.833151
11.570524 0.872379
11.603868 0.922216
11.637212 0.981329
11.670557 1.047241
11.703901 1.116554
11.737246 1.185296
11.770590 1.249331
11.803935 1.304808
11.837279 1.348565
11.870624 1.378474
11.903968 1.393660
11.937312 1.394589
11.970657 1.382994
12.004001 1.361666
12.037346 1.334108
12.070690 1.304101
12.104035 1.275235
12.137379 1.250454
12.170724 1.231672
12.204068 1.219533
12.237412 1.213325
12.270757 1.211089
12.304101 1.209908
12.337446 1.206338
12.370790 1.196927
12.404135 1.178754
12.437479 1.149892
12.470824 1.109742
12.504168 1.059177
12.537513 1.000466
12.570857 0.936995
12.604201 0.872830
12.637546 0.812174
12.670890 0.758817
12.704235 0.715659
12.737579 0.684367
12.770924 0.665225
12.804268 0.657184
12.837613 0.658091
12.870957 0.665059
12.904301 0.674898
12.937646 0.684548
12.970990 0.691435
13.004335 0.693719
13.037679 0.690395
13.071024 0.681263
13.104368 0.666796
13.137713 0.647930
13.171057 0.625855
13.204401 0.601823
13.237746 0.577007
13.271090 0.552441
13.304435 0.529009
13.337779 0.507482
13.371124 0.488557
13.404468 0.472897
13.437813 0.461120
13.471157 0.453756
13.504502 0.451162
13.537846 0.453426
13.571190 0.460276
13.604535 0.471014
13.637879 0.484523
13.671224 0.499313
13.704568 0.513649
13.737913 0.525708
13.771257 0.533759
13.804602 0.536340
13.837946 0.532399
13.871290 0.521378
13.904635 0.503241
13.937979 0.478448
13.971324 0.447873
14.004668 0.412698
14.038013 0.374298
14.071357 0.334132
14.104702 0.293648
14.138046 0.254224
14.171390 0.217121
14.204735 0.183468
14.238079 0.154267
14.271424 0.130411
14.304768 0.112720
14.338113 0.101994
14.371457 0.099082
14.404802 0.104969
14.438146 0.120866
14.471490 0.148293
14.504835 0.189134
14.538179 0.245638
14.571524 0.320345
14.604868 0.415913
14.638213 0.534847
14.671557 0.679143
14.704902 0.849860
14.738246 1.046693
14.771591 1.267579
14.804935 1.508422
14.838279 1.762990
14.871624 2.023025
14.904968 2.278598
14.938313 2.518699
14.971657 2.732026
15.005002 2.907907
15.038346 3.037257
15.071691 3.113490
15.105035 3.133252
15.138379 3.096908
15.171724 3.008707
15.205068 2.876590
15.238413 2.711640
15.271757 2.527228
15.305102 2.337923
15.338446 2.158266
15.371791 2.001548
15.405135 1.878694
15.438479 1.797378
15.471824 1.761461
15.505168 1.770792
15.538513 1.821399
15.571857 1.906040
15.605202 2.015039
15.638546 2.137309
15.671891 2.261455
15.705235 2.376815
15.738580 2.474344
15.771924 2.547245
15.805268 2.591302
15.838613 2.604897
15.871957 2.588743
15.905302 2.545406
15.938646 2.478695
15.971991 2.393013
16.005335 2.292775
16.038680 2.181956
16.072024 2.063819
16.105368 1.940830
16.138713 1.814747
16.172057 1.686840
16.205402 1.558175
16.238746 1.429907
16.272091 1.303518
16.305435 1.180969
16.338780 1.064729
16.372124 0.957701
16.405468 0.863042
16.438813 0.783920
16.472157 0.723228
16.505502 0.683304
16.538846 0.665670
16.572191 0.670814
16.605535 0.698047
16.638880 0.745423
16.672224 0.809757
16.705569 0.886739
16.738913 0.971156
16.772257 1.057231
16.805602 1.139069
16.838946 1.211184
16.872291 1.269072
16.905635 1.309775
16.938980 1.332346
16.972324 1.338157
17.005669 1.330968
17.039013 1.316715
17.072357 1.303011
17.105702 1.298378
17.139046 1.311305
17.172391 1.349228
17.205735 1.417587
17.239080 1.519069
17.272424 1.653184
17.305769 1.816218
17.339113 2.001592
17.372457 2.200580
17.405802 2.403278
17.439146 2.599675
17.472491 2.780688
17.505835 2.938983
17.539180 3.069500
17.572524 3.169605
17.605869 3.238895
17.639213 3.278711
17.672558 3.291481
17.705902 3.280028
17.739246 3.246972
17.772591 3.194330
17.805935 3.123370
17.839280 3.034709
17.872624 2.928624
17.905969 2.805456
17.939313 2.666035
17.972658 2.512002
18.006002 2.345981
18.039346 2.171551
18.072691 1.993055
18.106035 1.815288
18.139380 1.643141
18.172724 1.481289
18.206069 1.333962
18.239413 1.204855
18.272758 1.097139
18.306102 1.013547
18.339446 0.956453
18.372791 0.927893
18.406135 0.929454
18.439480 0.962033
18.472824 1.025473
18.506169 1.118165
18.539513 1.236692
18.572858 1.375634
18.606202 1.527614
18.639547 1.683642
18.672891 1.833763
18.706235 1.967925
18.739580 2.076970
18.772924 2.153601
18.806269 2.193161
18.839613 2.194098
18.872958 2.158038
18.906302 2.089445
18.939647 1.994931
18.972991 1.882319
19.006335 1.759634
19.039680 1.634167
19.073024 1.511781
19.106369 1.396533
19.139713 1.290661
19.173058 1.194889
19.206402 1.108966
19.239747 1.032291
19.273091 0.964499
19.306435 0.905870
19.339780 0.857500
19.373124 0.821204
19.406469 0.799194
19.439813 0.793620
19.473158 0.806093
19.506502 0.837301
19.539847 0.886807
19.573191 0.953083
19.606536 1.033755
19.639880 1.126016
19.673224 1.227103
19.706569 1.334722
19.739913 1.447322
19.773258 1.564161
19.806602 1.685121
19.839947 1.810326
19.873291 1.939635
19.906636 2.072117
19.939980 2.205638
19.973324 2.336646
20.006669 2.460234
20.040013 2.570476
20.073358 2.661011
20.106702 2.725774
20.140047 2.759753
20.173391 2.759667
20.206736 2.724427
20.240080 2.655326
20.273424 2.555923
20.306769 2.431648
20.340113 2.289185
20.373458 2.135754
20.406802 1.978375
20.440147 1.823241
20.473491 1.675261
20.506836 1.537828
20.540180 1.412810
20.573525 1.300744
20.606869 1.201160
20.640213 1.112989
20.673558 1.034960
20.706902 0.965951
20.740247 0.905231
20.773591 0.852595
20.806936 0.808372
20.840280 0.773343
20.873625 0.748579
20.906969 0.735241
20.940313 0.734364
20.973658 0.746655
21.007002 0.772321
21.040347 0.810937
21.073691 0.861381
21.107036 0.921820
21.140380 0.989777
21.173725 1.062259
21.207069 1.135955
21.240413 1.207486
21.273758 1.273696
21.307102 1.331946
21.340447 1.380376
21.373791 1.418117
21.407136 1.445396
21.440480 1.463530
21.473825 1.474785
21.507169 1.482116
21.540514 1.488805
21.573858 1.498047
21.607202 1.512519
21.640547 1.534004
21.673891 1.563108
21.707236 1.599111
21.740580 1.639987
21.773925 1.682586
21.807269 1.722967
21.840614 1.756848
21.873958 1.780125
21.907302 1.789401
21.940647 1.782467
21.973991 1.758681
22.007336 1.719189
22.040680 1.666971
22.074025 1.606677
22.107369 1.544287
22.140714 1.486589
22.174058 1.440544
22.207402 1.412595
22.240747 1.407986
22.274091 1.430164
22.307436 1.480351
22.340780 1.557315
22.374125 1.657398
22.407469 1.774789
22.440814 1.902023
22.474158 2.030657
22.507503 2.152032
22.540847 2.258045
22.574191 2.341839
22.607536 2.398320
22.640880 2.424468
22.674225 2.419413
22.707569 2.384282
22.740914 2.321868
22.774258 2.236197
22.807603 2.132048
22.840947 2.014516
22.874291 1.888662
22.907636 1.759283
22.940980 1.630802
22.974325 1.507236
23.007669 1.392225
23.041014 1.289037
23.074358 1.200536
23.107703 1.129072
23.141047 1.076306
23.174391 1.042999
23.207736 1.028817
23.241080 1.032212
23.274425 1.050440
23.307769 1.079745
23.341114 1.115708
23.374458 1.153747
23.407803 1.189672
23.441147 1.220235
23.474491 1.243559
23.507836 1.259371
23.541180 1.268978
23.574525 1.274994
23.607869 1.280825
23.641214 1.290017
23.674558 1.305568
23.707903 1.329313
23.741247 1.361509
23.774592 1.400680
23.807936 1.443752
23.841280 1.486476
23.874625 1.524031
23.907969 1.551745
23.941314 1.565774
23.974658 1.563660
24.008003 1.544651
24.041347 1.509774
24.074692 1.461632
24.108036 1.404008
24.141380 1.341330
24.174725 1.278121
24.208069 1.218510
24.241414 1.165889
24.274758 1.122742
24.308103 1.090652
24.341447 1.070449
24.374792 1.062432
24.408136 1.066604
24.441480 1.082847
24.474825 1.111010
24.508169 1.150877
24.541514 1.202049
24.574858 1.263771
24.608203 1.334757
24.641547 1.413072
24.674892 1.496103
24.708236 1.580640
24.741581 1.663068
24.774925 1.739631
24.808269 1.806720
24.841614 1.861154
24.874958 1.900393
24.908303 1.922666
24.941647 1.927012
24.974992 1.913235
25.008336 1.881819
25.041681 1.833823
25.075025 1.770790
25.108369 1.694690
25.141714 1.607895
25.175058 1.513158
25.208403 1.413596
25.241747 1.312611
25.275092 1.213752
25.308436 1.120510
25.341781 1.036047
25.375125 0.962917
25.408469 0.902816
25.441814 0.856426
25.475158 0.823401
25.508503 0.802514
25.541847 0.791963
25.575192 0.789806
25.608536 0.794428
25.641881 0.804989
25.675225 0.821726
25.708570 0.846066
25.741914 0.880478
25.775258 0.928090
25.808603 0.992100
25.841947 1.075074
25.875292 1.178242
25.908636 1.300929
25.941981 1.440200
25.975325 1.590828
26.008670 1.745583
26.042014 1.895840
26.075358 2.032408
26.108703 2.146487
26.142047 2.230604
26.175392 2.279410
26.208736 2.290222
26.242081 2.263246
26.275425 2.201464
26.308770 2.110213
26.342114 1.996528
26.375458 1.868353
26.408803 1.733721
26.442147 1.600025
26.475492 1.473443
26.508836 1.358582
26.542181 1.258349
26.575525 1.174031
26.608870 1.105545
26.642214 1.051787
26.675559 1.011023
26.708903 0.981263
26.742247 0.960564
26.775592 0.947249
26.808936 0.940012
26.842281 0.937938
26.875625 0.940446
26.908970 0.947174
26.942314 0.957855
26.975659 0.972190
27.009003 0.989741
27.042347 1.009871
27.075692 1.031719
27.109036 1.054222
27.142381 1.076171
27.175725 1.096296
27.209070 1.113360
27.242414 1.126252
27.275759 1.134072
27.309103 1.136188
27.342447 1.132266
27.375792 1.122274
27.409136 1.106469
27.442481 1.085359
27.475825 1.059681
27.509170 1.030379
27.542514 0.998600
27.575859 0.965707
27.609203 0.933306
27.642548 0.903254
27.675892 0.877657
27.709236 0.858806
27.742581 0.849071
27.775925 0.850723
27.809270 0.865705
27.842614 0.895379
27.875959 0.940285
27.909303 0.999953
27.942648 1.072809
27.975992 1.156215
28.009336 1.246647
28.042681 1.340005
28.076025 1.432017
28.109370 1.518687
28.142714 1.596708
28.176059 1.663782
28.209403 1.718784
28.242748 1.761752
28.276092 1.793681
28.309436 1.816184
28.342781 1.831061
28.376125 1.839867
28.409470 1.843566
28.442814 1.842334
28.476159 1.835559
28.509503 1.822035
28.542848 1.800331
28.576192 1.769242
28.609537 1.728250
28.642881 1.677889
28.676225 1.619928
28.709570 1.557331
28.742914 1.493973
28.776259 1.434158
28.809603 1.382009
28.842948 1.340834
28.876292 1.312586
28.909637 1.297511
28.942981 1.294050
28.976325 1.299029
29.009670 1.308104
29.043014 1.316393
29.076359 1.319194
29.109703 1.312672
29.143048 1.294406
29.176392 1.263704
29.209737 1.221657
29.243081 1.170917
29.276425 1.115261
29.309770 1.059009
29.343114 1.006422
29.376459 0.961150
29.409803 0.925854
29.443148 0.902019
29.476492 0.890002
29.509837 0.889272
29.543181 0.898783
29.576526 0.917414
29.609870 0.944363
29.643214 0.979438
29.676559 1.023176
29.709903 1.076773
29.743248 1.141821
29.776592 1.219917
29.809937 1.312178
29.843281 1.418766
29.876626 1.538495
29.909970 1.668582
29.943314 1.804597
29.976659 1.940631
30.010003 2.069680
30.043348 2.184196
30.076692 2.276767
30.110037 2.340837
30.143381 2.371391
30.176726 2.365533
30.210070 2.322885
30.243414 2.245763
30.276759 2.139105
30.310103 2.010144
30.343448 1.867876
30.376792 1.722341
30.410137 1.583820
30.443481 1.461995
30.476826 1.365179
30.510170 1.299666
30.543515 1.269275
30.576859 1.275122
30.610203 1.315621
30.643548 1.386715
30.676892 1.482293
30.710237 1.594749
30.743581 1.715613
30.776926 1.836203
30.810270 1.948237
30.843615 2.044358
30.876959 2.118548
30.910303 2.166417
30.943648 2.185350
30.976992 2.174537
31.010337 2.134895
31.043681 2.068885
31.077026 1.980261
31.110370 1.873757
31.143715 1.754735
31.177059 1.628810
31.210403 1.501487
31.243748 1.377828
31.277092 1.262171
31.310437 1.157946
31.343781 1.067587
31.377126 0.992558
31.410470 0.933480
31.443815 0.890342
31.477159 0.862756
31.510504 0.850206
31.543848 0.852248
31.577192 0.868617
31.610537 0.899219
31.643881 0.943995
31.677226 1.002689
31.710570 1.074556
31.743915 1.158072
31.777259 1.250712
31.810604 1.348847
31.843948 1.447815
31.877292 1.542163
31.910637 1.626059
31.943981 1.693810
31.977326 1.740436
32.010670 1.762199
32.044015 1.757028
32.077359 1.724757
32.110704 1.667165
32.144048 1.587794
32.177392 1.491576
32.210737 1.384340
32.244081 1.272247
32.277426 1.161246
32.310770 1.056603
32.344115 0.962559
32.377459 0.882135
32.410804 0.817085
32.444148 0.767973
32.477492 0.734343
32.510837 0.714937
32.544181 0.707938
32.577526 0.711192
32.610870 0.722428
32.644215 0.739445
32.677559 0.760285
32.710904 0.783391
32.744248 0.807751
32.777593 0.833020
32.810937 0.859587
32.844281 0.888589
32.877626 0.921824
32.910970 0.961564
32.944315 1.010267
32.977659 1.070200
33.011004 1.143026
33.044348 1.229401
33.077693 1.328651
33.111037 1.438580
33.144381 1.555460
33.177726 1.674224
33.211070 1.788849
33.244415 1.892884
33.277759 1.980073
33.311104 2.044978
33.344448 2.083531
33.377793 2.093437
33.411137 2.074380
33.444481 2.028017
33.477826 1.957760
33.511170 1.868400
33.544515 1.765612
33.577859 1.655431
33.611204 1.543740
33.644548 1.435841
33.677893 1.336136
33.711237 1.247934
33.744582 1.173368
33.777926 1.113426
33.811270 1.068043
33.844615 1.036243
33.877959 1.016303
33.911304 1.005929
33.944648 1.002428
33.977993 1.002889
34.011337 1.004361
34.044682 1.004037
34.078026 0.999438
34.111370 0.988582
34.144715 0.970130
34.178059 0.943488
34.211404 0.908854
34.244748 0.867194
34.278093 0.820165
34.311437 0.769968
34.344782 0.719171
34.378126 0.670514
34.411470 0.626714
34.444815 0.590299
34.478159 0.563478
34.511504 0.548044
34.544848 0.545323
34.578193 0.556142
34.611537 0.580813
34.644882 0.619133
34.678226 0.670377
34.711571 0.733302
34.744915 0.806166
34.778259 0.886761
34.811604 0.972492
34.844948 1.060477
34.878293 1.147697
34.911637 1.231155
34.944982 1.308049
34.978326 1.375927
35.011671 1.432806
35.045015 1.477239
35.078359 1.508328
35.111704 1.525683
35.145048 1.529352
35.178393 1.519733
35.211737 1.497502
35.245082 1.463566
35.278426 1.419057
35.311771 1.365366
35.345115 1.304193
35.378459 1.237593
35.411804 1.167992
35.445148 1.098147
35.478493 1.031034
35.511837 0.969668
35.545182 0.916869
35.578526 0.875015
35.611871 0.845813
35.645215 0.830134
35.678560 0.827947
35.711904 0.838368
35.745248 0.859811
35.778593 0.890235
35.811937 0.927418
35.845282 0.969235
35.878626 1.013864
35.911971 1.059900
35.945315 1.106343
35.978660 1.152475
36.012004 1.197663
36.045348 1.241111
36.078693 1.281652
36.112037 1.317611
36.145382 1.346793
36.178726 1.366619
36.212071 1.374380
36.245415 1.367606
36.278760 1.344460
36.312104 1.304115
36.345448 1.247033
36.378793 1.175097
36.412137 1.091562
36.445482 1.000832
36.478826 0.908084
36.512171 0.818783
36.545515 0.738170
36.578860 0.670772
36.612204 0.620010
36.645549 0.587945
36.678893 0.575174
36.712237 0.580888
36.745582 0.603061
36.778926 0.638727
36.812271 0.684305
36.845615 0.735932
36.878960 0.789751
36.912304 0.842156
36.945649 0.889961
36.978993 0.930503
37.012337 0.961709
37.045682 0.982105
37.079026 0.990824
37.112371 0.987585
37.145715 0.972680
37.179060 0.946938
37.212404 0.911684
37.245749 0.868663
37.279093 0.819952
37.312437 0.767822
37.345782 0.714593
37.379126 0.662467
37.412471 0.613368
37.445815 0.568803
37.479160 0.529763
37.512504 0.496679
37.545849 0.469432
37.579193 0.447434
37.612538 0.429747
37.645882 0.415250
37.679226 0.402815
37.712571 0.391480
37.745915 0.380592
37.779260 0.369904
37.812604 0.359617
37.845949 0.350354
37.879293 0.343076
37.912638 0.338943
37.945982 0.339155
37.979326 0.344767
38.012671 0.356527
38.046015 0.374748
38.079360 0.399231
38.112704 0.429255
38.146049 0.463633
38.179393 0.500821
38.212738 0.539079
38.246082 0.576638
38.279426 0.611872
38.312771 0.643433
38.346115 0.670339
38.379460 0.692006
38.412804 0.708221
38.446149 0.719072
38.479493 0.724853
38.512838 0.725965
38.546182 0.722847
38.579527 0.715931
38.612871 0.705661
38.646215 0.692532
38.679560 0.677173
38.712904 0.660414
38.746249 0.643340
38.779593 0.627283
38.812938 0.613755
38.846282 0.604315
38.879627 0.600380
38.912971 0.603010
38.946315 0.612711
38.979660 0.629278
39.013004 0.651736
39.046349 0.678373
39.079693 0.706899
39.113038 0.734694
39.146382 0.759115
39.179727 0.777832
39.213071 0.789128
39.246415 0.792119
39.279760 0.786868
39.313104 0.774374
39.346449 0.756431
39.379793 0.735402
39.413138 0.713921
39.446482 0.694588
39.479827 0.679690
39.513171 0.670983
39.546516 0.669557
39.579860 0.675800
39.613204 0.689423
39.646549 0.709560
39.679893 0.734895
39.713238 0.763803
39.746582 0.794486
39.779927 0.825102
39.813271 0.853880
39.846616 0.879245
39.879960 0.899936
39.913304 0.915152
39.946649 0.924686
39.979993 0.929065
40.013338 0.929643
40.046682 0.928631
40.080027 0.929029
40.113371 0.934445
40.146716 0.948789
40.180060 0.975867
40.213404 1.018914
40.246749 1.080114
40.280093 1.160188
40.313438 1.258099
40.346782 1.370945
40.380127 1.494061
40.413471 1.621337
40.446816 1.745724
40.480160 1.859875
40.513505 1.956828
40.546849 2.030667
40.580193 2.077060
40.613538 2.093617
40.646882 2.080028
40.680227 2.037970
40.713571 1.970815
40.746916 1.883185
40.780260 1.780422
40.813605 1.668053
40.846949 1.551310
40.880293 1.434773
40.913638 1.322138
40.946982 1.216149
40.980327 1.118640
41.013671 1.030680
41.047016 0.952758
41.080360 0.884964
41.113705 0.827144
41.147049 0.778988
41.180393 0.740059
41.213738 0.709768
41.247082 0.687317
41.280427 0.671642
41.313771 0.661387
41.347116 0.654924
41.380460 0.650441
41.413805 0.646087
41.447149 0.640167
41.480493 0.631357
41.513838 0.618906
41.547182 0.602794
41.580527 0.583813
41.613871 0.563567
41.647216 0.544352
41.680560 0.528959
41.713905 0.520396
41.747249 0.521559
41.780594 0.534903
41.813938 0.562141
41.847282 0.604004
41.880627 0.660097
41.913971 0.728866
41.947316 0.807680
41.980660 0.893016
42.014005 0.980733
42.047349 1.066403
42.080694 1.145661
42.114038 1.214542
42.147382 1.269773
42.180727 1.308984
42.214071 1.330843
42.247416 1.335081
42.280760 1.322439
42.314105 1.294528
42.347449 1.253644
42.380794 1.202547
42.414138 1.144229
42.447482 1.081706
42.480827 1.017835
42.514171 0.955173
42.547516 0.895886
42.580860 0.841698
42.614205 0.793882
42.647549 0.753278
42.680894 0.720338
42.714238 0.695179
42.747583 0.677647
42.780927 0.667375
42.814271 0.663847
42.847616 0.666445
42.880960 0.674492
42.914305 0.687286
42.947649 0.704118
42.980994 0.724277
43.014338 0.747048
43.047683 0.771698
43.081027 0.797457
43.114371 0.823500
43.147716 0.848934
43.181060 0.872803
43.214405 0.894104
43.247749 0.911825
43.281094 0.925002
43.314438 0.932788
43.347783 0.934532
43.381127 0.929849
43.414471 0.918687
43.447816 0.901362
43.481160 0.878577
43.514505 0.851394
43.547849 0.821193
43.581194 0.789585
43.614538 0.758313
43.647883 0.729135
43.681227 0.703702
43.714572 0.683435
43.747916 0.669422
43.781260 0.662319
43.814605 0.662292
43.847949 0.668976
43.881294 0.681480
43.914638 0.698424
43.947983 0.718020
43.981327 0.738191
44.014672 0.756724
44.048016 0.771444
44.081360 0.780403
44.114705 0.782053
44.148049 0.775400
44.181394 0.760109
44.214738 0.736546
44.248083 0.705761
44.281427 0.669394
44.314772 0.629527
44.348116 0.588489
44.381460 0.548646
44.414805 0.512194
44.448149 0.480987
44.481494 0.456409
44.514838 0.439314
44.548183 0.430020
44.581527 0.428372
44.614872 0.433825
44.648216 0.445564
44.681561 0.462607
44.714905 0.483900
44.748249 0.508377
44.781594 0.534986
44.814938 0.562695
44.848283 0.590479
44.881627 0.617307
44.914972 0.642146
44.948316 0.663983
44.981661 0.681875
45.015005 0.695023
45.048349 0.702848
45.081694 0.705061
45.115038 0.701720
45.148383 0.693233
45.181727 0.680334
45.215072 0.664011
45.248416 0.645395
45.281761 0.625646
45.315105 0.605827
45.348449 0.586809
45.381794 0.569203
45.415138 0.553346
45.448483 0.539313
45.481827 0.526978
45.515172 0.516082
45.548516 0.506311
45.581861 0.497358
45.615205 0.488960
45.648550 0.480914
45.681894 0.473063
45.715238 0.465266
45.748583 0.457376
45.781927 0.449217
45.815272 0.440591
45.848616 0.431298
45.881961 0.421188
45.915305 0.410214
45.948650 0.398482
45.981994 0.386287
46.015338 0.374110
46.048683 0.362580
46.082027 0.352399
46.115372 0.344241
46.148716 0.338640
46.182061 0.335892
46.215405 0.335985
46.248750 0.338583
46.282094 0.343055
46.315438 0.348568
46.348783 0.354211
46.382127 0.359141
46.415472 0.362728
46.448816 0.364662
46.482161 0.365021
46.515505 0.364266
46.548850 0.363192
46.582194 0.362812
46.615539 0.364226
46.648883 0.368469
46.682227 0.376384
46.715572 0.388529
46.748916 0.405129
46.782261 0.426083
46.815605 0.451007
46.848950 0.479312
46.882294 0.510288
46.915639 0.543175
46.948983 0.577218
46.982327 0.611687
47.015672 0.645865
47.049016 0.679025
47.082361 0.710397
47.115705 0.739146
47.149050 0.764383
47.182394 0.785209
47.215739 0.800796
47.249083 0.810491
47.282427 0.813932
47.315772 0.811152
47.349116 0.802639
47.382461 0.789346
47.415805 0.772628
47.449150 0.754114
47.482494 0.735531
47.515839 0.718485
47.549183 0.704255
47.582528 0.693615
47.615872 0.686717
47.649216 0.683066
47.682561 0.681576
47.715905 0.680722
47.749250 0.678752
47.782594 0.673928
47.815939 0.664774
47.849283 0.650278
47.882628 0.630031
47.915972 0.604269
47.949316 0.573839
47.982661 0.540071
48.016005 0.504597
48.049350 0.469140
48.082694 0.435313
48.116039 0.404450
48.149383 0.377493
48.182728 0.354948
48.216072 0.336911
48.249416 0.323142
48.282761 0.313174
48.316105 0.306429
48.349450 0.302321
48.382794 0.300331
48.416139 0.300036
48.449483 0.301110
48.482828 0.303296
48.516172 0.306358
48.549517 0.310049
48.582861 0.314091
48.616205 0.318176
48.649550 0.322003
48.682894 0.325325
48.716239 0.328002
48.749583 0.330045
48.782928 0.331639
48.816272 0.333124
48.849617 0.334946
48.882961 0.337579
48.916305 0.341429
48.949650 0.346744
48.982994 0.353542
49.016339 0.361580
49.049683 0.370368
49.083028 0.379223
49.116372 0.387373
49.149717 0.394066
49.183061 0.398689
49.216405 0.400866
49.249750 0.400511
49.283094 0.397845
49.316439 0.393359
49.349783 0.387744
49.383128 0.381795
49.416472 0.376310
49.449817 0.372009
49.483161 0.369465
49.516506 0.369083
49.549850 0.371100
49.583194 0.375609
49.616539 0.382600
49.649883 0.391987
49.683228 0.403630
49.716572 0.417333
49.749917 0.432823
49.783261 0.449716
49.816606 0.467487
49.849950 0.485454
49.883294 0.502780
49.916639 0.518520
49.949983 0.531687
49.983328 0.541348
50.016672 0.546728
50.050017 0.547303
50.083361 0.542870
50.116706 0.533577
50.150050 0.519911
50.183394 0.502642
50.216739 0.482740
50.250083 0.461276
50.283428 0.439322
50.316772 0.417873
50.350117 0.397799
50.383461 0.379822
50.416806 0.364527
50.450150 0.352381
50.483494 0.343756
50.516839 0.338936
50.550183 0.338101
50.583528 0.341290
50.616872 0.348342
50.650217 0.358837
50.683561 0.372057
50.716906 0.386971
50.750250 0.402286
50.783595 0.416534
50.816939 0.428226
50.850283 0.436024
50.883628 0.438926
50.916972 0.436425
50.950317 0.428611
50.983661 0.416194
51.017006 0.400449
51.050350 0.383065
51.083695 0.365938
51.117039 0.350922
51.150383 0.339590
51.183728 0.333030
51.217072 0.331705
51.250417 0.335419
51.283761 0.343360
51.317106 0.354232
51.350450 0.366455
51.383795 0.378377
51.417139 0.388488
51.450483 0.395595
51.483828 0.398936
51.517172 0.398219
51.550517 0.393604
51.583861 0.385615
51.617206 0.375034
51.650550 0.362771
51.683895 0.349757
51.717239 0.336854
51.750584 0.324803
51.783928 0.314201
51.817272 0.305510
51.850617 0.299063
51.883961 0.295090
51.917306 0.293714
51.950650 0.294947
51.983995 0.298671
52.017339 0.304608
52.050684 0.312304
52.084028 0.321124
52.117372 0.330275
52.150717 0.338853
52.184061 0.345922
52.217406 0.350601
52.250750 0.352167
52.284095 0.350137
52.317439 0.344329
52.350784 0.334889
52.384128 0.322279
52.417472 0.307223
52.450817 0.290630
52.484161 0.273493
52.517506 0.256788
52.550850 0.241383
52.584195 0.227973
52.617539 0.217031
52.650884 0.208799
52.684228 0.203304
52.717573 0.200391
52.750917 0.199770
52.784261 0.201068
52.817606 0.203882
52.850950 0.207821
52.884295 0.212544
52.917639 0.217786
52.950984 0.223378
52.984328 0.229255
53.017673 0.235457
53.051017 0.242114
53.084361 0.249428
53.117706 0.257636
53.151050 0.266962
53.184395 0.277568
53.217739 0.289500
53.251084 0.302641
53.284428 0.316687
53.317773 0.331143
53.351117 0.345356
53.384461 0.358569
53.417806 0.370017
53.451150 0.379021
53.484495 0.385095
53.517839 0.388026
53.551184 0.387930
53.584528 0.385256
53.617873 0.380743
53.651217 0.375331
53.684562 0.370039
53.717906 0.365823
53.751250 0.363451
53.784595 0.363398
53.817939 0.365791
53.851284 0.370420
53.884628 0.376790
53.917973 0.384232
53.951317 0.392032
53.984662 0.399564
54.018006 0.406400
54.051350 0.412374
54.084695 0.417584
54.118039 0.422347
54.151384 0.427099
54.184728 0.432275
54.218073 0.438188
54.251417 0.444939
54.284762 0.452383
54.318106 0.460147
54.351450 0.467729
54.384795 0.474628
54.418139 0.480508
54.451484 0.485347
54.484828 0.489535
54.518173 0.493913
54.551517 0.499704
54.584862 0.508375
54.618206 0.521410
54.651551 0.540054
54.684895 0.565052
54.718239 0.596439
54.751584 0.633411
54.784928 0.674310
54.818273 0.716735
54.851617 0.757765
54.884962 0.794260
54.918306 0.823216
54.951651 0.842103
54.984995 0.849153
55.018339 0.843549
55.051684 0.825494
55.085028 0.796158
55.118373 0.757508
55.151717 0.712058
55.185062 0.662573
55.218406 0.611777
55.251751 0.562098
55.285095 0.515486
55.318439 0.473311
55.351784 0.436352
55.385128 0.404857
55.418473 0.378655
55.451817 0.357283
55.485162 0.340125
55.518506 0.326510
55.551851 0.315793
55.585195 0.307387
55.618540 0.300775
55.651884 0.295495
55.685228 0.291130
55.718573 0.287299
55.751917 0.283666
55.785262 0.279961
55.818606 0.276010
55.851951 0.271765
55.885295 0.267320
55.918640 0.262907
55.951984 0.258866
55.985328 0.255590
56.018673 0.253457
56.052017 0.252750
56.085362 0.253590
56.118706 0.255895
56.152051 0.259366
56.185395 0.263512
56.218740 0.267703
56.252084 0.271259
56.285428 0.273536
56.318773 0.274016
56.352117 0.272377
56.385462 0.268533
56.418806 0.262648
56.452151 0.255105
56.485495 0.246462
56.518840 0.237383
56.552184 0.228569
56.585529 0.220682
56.618873 0.214296
56.652217 0.209851
56.685562 0.207628
56.718906 0.207742
56.752251 0.210139
56.785595 0.214608
56.818940 0.220801
56.852284 0.228248
56.885629 0.236394
56.918973 0.244631
56.952317 0.252339
56.985662 0.258943
57.019006 0.263957
57.052351 0.267038
57.085695 0.268026
57.119040 0.266966
57.152384 0.264113
57.185729 0.259910
57.219073 0.254940
57.252417 0.249875
57.285762 0.245396
57.319106 0.242132
57.352451 0.240604
57.385795 0.241179
57.419140 0.244063
57.452484 0.249298
57.485829 0.256785
57.519173 0.266314
57.552518 0.277594
57.585862 0.290274
57.619206 0.303955
57.652551 0.318195
57.685895 0.332503
57.719240 0.346336
57.752584 0.359105
57.785929 0.370197
57.819273 0.379019
57.852618 0.385049
57.885962 0.387909
57.919306 0.387427
57.952651 0.383692
57.985995 0.377070
58.019340 0.368193
58.052684 0.357902
58.086029 0.347157
58.119373 0.336920
58.152718 0.328035
58.186062 0.321118
58.219406 0.316479
58.252751 0.314087
58.286095 0.313589
58.319440 0.314375
58.352784 0.315679
58.386129 0.316700
58.419473 0.316724
58.452818 0.315221
58.486162 0.311908
58.519507 0.306770
58.552851 0.300028
58.586195 0.292087
58.619540 0.283447
58.652884 0.274622
58.686229 0.266070
58.719573 0.258146
58.752918 0.251088
58.786262 0.245033
58.819607 0.240052
58.852951 0.236200
58.886295 0.233552
58.919640 0.232228
58.952984 0.232391
58.986329 0.234217
59.019673 0.237844
59.053018 0.243318
59.086362 0.250530
59.119707 0.259181
59.153051 0.268773
59.186395 0.278630
59.219740 0.287954
59.253084 0.295906
59.286429 0.301701
59.319773 0.304698
59.353118 0.304475
59.386462 0.300877
59.419807 0.294026
59.453151 0.284302
59.486495 0.272293
59.519840 0.258719
59.553184 0.244364
59.586529 0.229992
59.619873 0.216296
59.653218 0.203848
59.686562 0.193087
59.719907 0.184305
59.753251 0.177663
59.786596 0.173198
59.819940 0.170847
59.853284 0.170452
59.886629 0.171772
59.919973 0.174495
59.953318 0.178241
59.986662 0.182582
60.020007 0.187064
60.053351 0.191236
60.086696 0.194686
60.120040 0.197081
60.153384 0.198199
60.186729 0.197946
60.220073 0.196369
60.253418 0.193638
60.286762 0.190021
60.320107 0.185840
60.353451 0.181431
60.386796 0.177099
60.420140 0.173095
60.453484 0.169601
60.486829 0.166738
60.520173 0.164592
60.553518 0.163247
60.586862 0.162816
60.620207 0.163466
60.653551 0.165426
60.686896 0.168963
60.720240 0.174348
60.753585 0.181792
60.786929 0.191382
60.820273 0.203019
60.853618 0.216374
60.886962 0.230873
60.920307 0.245724
60.953651 0.259976
60.986996 0.272608
61.020340 0.282649
61.053685 0.289283
61.087029 0.291958
61.120373 0.290451
61.153718 0.284899
61.187062 0.275779
61.220407 0.263846
61.253751 0.250036
61.287096 0.235351
61.320440 0.220743
61.353785 0.207014
61.387129 0.194753
61.420473 0.184306
61.453818 0.175798
61.487162 0.169173
61.520507 0.164278
61.553851 0.160932
61.587196 0.159004
61.620540 0.158453
61.653885 0.159345
61.687229 0.161832
61.720574 0.166104
61.753918 0.172319
61.787262 0.180538
61.820607 0.190663
61.853951 0.202406
61.887296 0.215294
61.920640 0.228698
61.953985 0.241907
61.987329 0.254211
62.020674 0.264994
62.054018 0.273814
62.087362 0.280460
62.120707 0.284973
62.154051 0.287626
62.187396 0.288876
62.220740 0.289281
62.254085 0.289407
62.287429 0.289735
62.320774 0.290590
62.354118 0.292087
62.387462 0.294119
62.420807 0.296377
62.454151 0.298403
62.487496 0.299661
62.520840 0.299620
62.554185 0.297835
62.587529 0.294011
62.620874 0.288049
62.654218 0.280063
62.687563 0.270368
62.720907 0.259445
62.754251 0.247890
62.787596 0.236346
62.820940 0.225441
62.854285 0.215719
62.887629 0.207596
62.920974 0.201320
62.954318 0.196953
62.987663 0.194380
63.021007 0.193320
63.054351 0.193369
63.087696 0.194043
63.121040 0.194833
63.154385 0.195262
63.187729 0.194932
63.221074 0.193567
63.254418 0.191035
63.287763 0.187360
63.321107 0.182706
63.354451 0.177351
63.387796 0.171642
63.421140 0.165945
63.454485 0.160595
63.487829 0.155851
63.521174 0.151864
63.554518 0.148664
63.587863 0.146166
63.621207 0.144197
63.654552 0.142529
63.687896 0.140927
63.721240 0.139196
63.754585 0.137214
63.787929 0.134961
63.821274 0.132523
63.854618 0.130084
63.887963 0.127901
63.921307 0.126266
63.954652 0.125470
63.987996 0.125759
64.021340 0.127301
64.054685 0.130167
64.088029 0.134318
64.121374 0.139609
64.154718 0.145800
64.188063 0.152582
64.221407 0.159599
64.254752 0.166485
64.288096 0.172894
64.321440 0.178530
64.354785 0.183174
64.388129 0.186710
64.421474 0.189136
64.454818 0.190573
64.488163 0.191260
64.521507 0.191537
64.554852 0.191810
64.588196 0.192513
64.621541 0.194054
64.654885 0.196761
64.688229 0.200835
64.721574 0.206310
64.754918 0.213035
64.788263 0.220679
64.821607 0.228760
64.854952 0.236693
64.888296 0.243864
64.921641 0.249700
64.954985 0.253744
64.988329 0.255713
65.021674 0.255535
65.055018 0.253352
65.088363 0.249505
65.121707 0.244482
65.155052 0.238854
65.188396 0.233205
65.221741 0.228055
65.255085 0.223806
65.288429 0.220697
65.321774 0.218791
65.355118 0.217980
65.388463 0.218008
65.421807 0.218512
65.455152 0.219064
65.488496 0.219222
65.521841 0.218566
65.555185 0.216733
65.588530 0.213445
65.621874 0.208520
65.655218 0.201889
65.688563 0.193595
65.721907 0.183800
65.755252 0.172777
65.788596 0.160900
65.821941 0.148629
65.855285 0.136481
65.888630 0.124997
65.921974 0.114698
65.955318 0.106042
65.988663 0.099377
66.022007 0.094911
66.055352 0.092685
66.088696 0.092573
66.122041 0.094298
66.155385 0.097462
66.188730 0.101594
66.222074 0.106204
66.255418 0.110833
66.288763 0.115099
66.322107 0.118728
66.355452 0.121562
66.388796 0.123559
66.422141 0.124771
66.455485 0.125316
66.488830 0.125347
66.522174 0.125019
66.555519 0.124467
66.588863 0.123792
66.622207 0.123055
66.655552 0.122276
66.688896 0.121445
66.722241 0.120532
66.755585 0.119489
66.788930 0.118263
66.822274 0.116799
66.855619 0.115044
66.888963 0.112954
66.922307 0.110505
66.955652 0.107697
66.988996 0.104571
67.022341 0.101218
67.055685 0.097783
67.089030 0.094463
67.122374 0.091492
67.155719 0.089118
67.189063 0.087567
67.222407 0.087011
67.255752 0.087524
67.289096 0.089066
67.322441 0.091461
67.355785 0.094410
67.389130 0.097520
67.422474 0.100340
67.455819 0.102423
67.489163 0.103381
67.522508 0.102934
67.555852 0.100952
67.589196 0.097466
67.622541 0.092670
67.655885 0.086891
67.689230 0.080552
67.722574 0.074123
67.755919 0.068076
67.789263 0.062844
67.822608 0.058793
67.855952 0.056210
67.889296 0.055301
67.922641 0.056200
67.955985 0.058977
67.989330 0.063647
68.022674 0.070176
68.056019 0.078475
68.089363 0.088386
68.122708 0.099680
68.156052 0.112037
68.189396 0.125058
68.222741 0.138265
68.256085 0.151137
68.289430 0.163141
68.322774 0.173776
68.356119 0.182623
68.389463 0.189378
68.422808 0.193884
68.456152 0.196132
68.489496 0.196260
68.522841 0.194522
68.556185 0.191255
68.589530 0.186836
68.622874 0.181642
68.656219 0.176020
68.689563 0.170266
68.722908 0.164620
68.756252 0.159262
68.789597 0.154328
68.822941 0.149913
68.856285 0.146084
68.889630 0.142878
68.922974 0.140299
68.956319 0.138311
68.989663 0.136825
69.023008 0.135703
69.056352 0.134754
69.089697 0.133756
69.123041 0.132480
69.156385 0.130722
69.189730 0.128344
69.223074 0.125300
69.256419 0.121660
69.289763 0.117611
69.323108 0.113437
69.356452 0.109492
69.389797 0.106142
69.423141 0.103715
69.456485 0.102450
69.489830 0.102458
69.523174 0.103699
69.556519 0.105990
69.589863 0.109031
69.623208 0.112446
69.656552 0.115847
69.689897 0.118882
69.723241 0.121294
69.756586 0.122945
69.789930 0.123835
69.823274 0.124080
69.856619 0.123891
69.889963 0.123518
69.923308 0.123207
69.956652 0.123146
69.989997 0.123434
70.023341 0.124057
70.056686 0.124895
70.090030 0.125738
70.123374 0.126325
70.156719 0.126386
70.190063 0.125686
70.223408 0.124069
70.256752 0.121481
70.290097 0.117983
70.323441 0.113748
70.356786 0.109036
70.390130 0.104167
70.423474 0.099475
70.456819 0.095269
70.490163 0.091797
70.523508 0.089217
70.556852 0.087578
70.590197 0.086821
70.623541 0.086789
70.656886 0.087248
70.690230 0.087924
70.723575 0.088536
70.756919 0.088835
70.790263 0.088634
70.823608 0.087838
70.856952 0.086450
70.890297 0.084576
70.923641 0.082407
70.956986 0.080196
70.990330 0.078225
71.023675 0.076765
71.057019 0.076048
71.090363 0.076233
71.123708 0.077392
71.157052 0.079512
71.190397 0.082500
71.223741 0.086212
71.257086 0.090483
71.290430 0.095164
71.323775 0.100150
71.357119 0.105405
71.390463 0.110965
71.423808 0.116935
71.457152 0.123461
71.490497 0.130696
71.523841 0.138757
71.557186 0.147688
71.590530 0.157421
71.623875 0.167764
71.657219 0.178398
71.690564 0.188895
71.723908 0.198756
71.757252 0.207462
71.790597 0.214524
71.823941 0.219545
71.857286 0.222253
71.890630 0.222543
71.923975 0.220481
71.957319 0.216303
71.990664 0.210389
72.024008 0.203239
72.057352 0.195422
72.090697 0.187548
72.124041 0.180219
72.157386 0.174009
72.190730 0.169431
72.224075 0.166921
72.257419 0.166826
72.290764 0.169384
72.324108 0.174713
72.357452 0.182796
72.390797 0.193467
72.424141 0.206398
72.457486 0.221100
72.490830 0.236932
72.524175 0.253125
72.557519 0.268827
72.590864 0.283154
72.624208 0.295268
72.657553 0.304440
72.690897 0.310125
72.724241 0.312014
72.757586 0.310068
72.790930 0.304522
72.824275 0.295872
72.857619 0.284815
72.890964 0.272191
72.924308 0.258897
72.957653 0.245801
72.990997 0.233673
73.024341 0.223123
73.057686 0.214563
73.091030 0.208196
73.124375 0.204024
73.157719 0.201878
73.191064 0.201455
73.224408 0.202365
73.257753 0.204169
73.291097 0.206420
73.324441 0.208684
73.357786 0.210567
73.391130 0.211720
73.424475 0.211850
73.457819 0.210727
73.491164 0.208191
73.524508 0.204165
73.557853 0.198659
73.591197 0.191785
73.624542 0.183751
73.657886 0.174860
73.691230 0.165488
73.724575 0.156058
73.757919 0.147003
73.791264 0.138721
73.824608 0.131536
73.857953 0.125666
73.891297 0.121197
73.924642 0.118081
73.957986 0.116147
73.991330 0.115123
74.024675 0.114678
74.058019 0.114465
74.091364 0.114157
74.124708 0.113488
74.158053 0.112273
74.191397 0.110412
74.224742 0.107893
74.258086 0.104771
74.291430 0.101147
74.324775 0.097144
74.358119 0.092889
74.391464 0.088497
74.424808 0.084068
74.458153 0.079689
74.491497 0.075445
74.524842 0.071425
74.558186 0.067741
74.591531 0.064520
74.624875 0.061912
74.658219 0.060073
74.691564 0.059150
74.724908 0.059256
74.758253 0.060455
74.791597 0.062735
74.824942 0.066007
74.858286 0.070097
74.891631 0.074760
74.924975 0.079699
74.958319 0.084595
74.991664 0.089136
75.025008 0.093056
75.058353 0.096160
75.091697 0.098348
75.125042 0.099628
75.158386 0.100111
75.191731 0.100002
75.225075 0.099574
75.258419 0.099135
75.291764 0.098986
75.325108 0.099387
75.358453 0.100518
75.391797 0.102451
75.425142 0.105142
75.458486 0.108422
75.491831 0.112022
75.525175 0.115599
75.558520 0.118779
75.591864 0.121204
75.625208 0.122580
75.658553 0.122719
75.691897 0.121566
75.725242 0.119208
75.758586 0.115867
75.791931 0.111872
75.825275 0.107617
75.858620 0.103505
75.891964 0.099900
75.925308 0.097075
75.958653 0.095181
75.991997 0.094231
76.025342 0.094106
76.058686 0.094581
76.092031 0.095368
76.125375 0.096163
76.158720 0.096701
76.192064 0.096796
76.225408 0.096376
76.258753 0.095492
76.292097 0.094308
76.325442 0.093081
76.358786 0.092117
76.392131 0.091727
76.425475 0.092181
76.458820 0.093669
76.492164 0.096274
76.525509 0.099962
76.558853 0.104582
76.592197 0.109889
76.625542 0.115570
76.658886 0.121277
76.692231 0.126663
76.725575 0.131413
76.758920 0.135268
76.792264 0.138041
76.825609 0.139627
76.858953 0.139995
76.892297 0.139189
76.925642 0.137312
76.958986 0.134515
76.992331 0.130979
77.025675 0.126908
77.059020 0.122510
77.092364 0.117991
77.125709 0.113542
77.159053 0.109333
77.192397 0.105505
77.225742 0.102165
77.259086 0.099379
77.292431 0.097175
77.325775 0.095536
77.359120 0.094407
77.392464 0.093697
77.425809 0.093282
77.459153 0.093022
77.492497 0.092764
77.525842 0.092358
77.559186 0.091670
77.592531 0.090593
77.625875 0.089063
77.659220 0.087061
77.692564 0.084626
77.725909 0.081851
77.759253 0.078880
77.792598 0.075893
77.825942 0.073097
77.859286 0.070699
77.892631 0.068887
77.925975 0.067809
77.959320 0.067555
77.992664 0.068150
78.026009 0.069545
78.059353 0.071631
78.092698 0.074248
78.126042 0.077211
78.159386 0.080334
78.192731 0.083453
78.226075 0.086448
78.259420 0.089257
78.292764 0.091879
78.326109 0.094367
78.359453 0.096814
78.392798 0.099329
78.426142 0.102013
78.459486 0.104933
78.492831 0.108103
78.526175 0.111470
78.559520 0.114914
78.592864 0.118255
78.626209 0.121271
78.659553 0.123720
78.692898 0.125371
78.726242 0.126027
78.759587 0.125555
78.792931 0.123895
78.826275 0.121077
78.859620 0.117217
78.892964 0.112505
78.926309 0.107193
78.959653 0.101568
78.992998 0.095927
79.026342 0.090553
79.059687 0.085691
79.093031 0.081529
79.126375 0.078190
79.159720 0.075727
79.193064 0.074125
79.226409 0.073316
79.259753 0.073191
79.293098 0.073617
79.326442 0.074458
79.359787 0.075583
79.393131 0.076879
79.426475 0.078251
79.459820 0.079621
79.493164 0.080921
79.526509 0.082081
79.559853 0.083026
79.593198 0.083666
79.626542 0.083899
79.659887 0.083621
79.693231 0.082737
79.726576 0.081181
79.759920 0.078937
79.793264 0.076050
79.826609 0.072640
79.859953 0.068902
79.893298 0.065088
79.926642 0.061493
79.959987 0.058417
79.993331 0.056138
80.026676 0.054875
80.060020 0.054766
80.093364 0.055852
80.126709 0.058081
80.160053 0.061314
80.193398 0.065359
80.226742 0.069991
80.260087 0.074993
80.293431 0.080177
80.326776 0.085405
80.360120 0.090594
80.393464 0.095715
80.426809 0.100768
80.460153 0.105771
80.493498 0.110733
80.526842 0.115634
80.560187 0.120420
80.593531 0.125000
80.626876 0.129254
80.660220 0.133052
80.693565 0.136272
80.726909 0.138819
80.760253 0.140635
80.793598 0.141706
80.826942 0.142054
80.860287 0.141727
80.893631 0.140778
80.926976 0.139250
80.960320 0.137160
80.993665 0.134492
81.027009 0.131201
81.060353 0.127229
81.093698 0.122517
81.127042 0.117036
81.160387 0.110807
81.193731 0.103915
81.227076 0.096519
81.260420 0.088844
81.293765 0.081169
81.327109 0.073798
81.360453 0.067031
81.393798 0.061133
81.427142 0.056312
81.460487 0.052692
81.493831 0.050312
81.527176 0.049124
81.560520 0.049008
81.593865 0.049791
81.627209 0.051268
81.660554 0.053231
81.693898 0.055481
81.727242 0.057856
81.760587 0.060228
81.793931 0.062518
81.827276 0.064686
81.860620 0.066726
81.893965 0.068658
81.927309 0.070518
81.960654 0.072342
81.993998 0.074160
82.027342 0.075986
82.060687 0.077814
82.094031 0.079611
82.127376 0.081319
82.160720 0.082858
82.194065 0.084134
82.227409 0.085044
82.260754 0.085489
82.294098 0.085387
82.327442 0.084681
82.360787 0.083354
82.394131 0.081429
82.427476 0.078973
82.460820 0.076098
82.494165 0.072949
82.527509 0.069695
82.560854 0.066518
82.594198 0.063596
82.627543 0.061093
82.660887 0.059144
82.694231 0.057848
82.727576 0.057263
82.760920 0.057404
82.794265 0.058239
82.827609 0.059701
82.860954 0.061684
82.894298 0.064058
82.927643 0.066675
82.960987 0.069382
82.994331 0.072029
83.027676 0.074482
83.061020 0.076630
83.094365 0.078397
83.127709 0.079741
83.161054 0.080658
83.194398 0.081170
83.227743 0.081324
83.261087 0.081173
83.294431 0.080768
83.327776 0.080141
83.361120 0.079302
83.394465 0.078233
83.427809 0.076893
83.461154 0.075226
83.494498 0.073179
83.527843 0.070714
83.561187 0.067825
83.594532 0.064553
83.627876 0.060984
83.661220 0.057250
83.694565 0.053520
83.727909 0.049978
83.761254 0.046806
83.794598 0.044160
83.827943 0.042153
83.861287 0.040847
83.894632 0.040242
83.927976 0.040283
83.961320 0.040871
83.994665 0.041876
84.028009 0.043156
84.061354 0.044572
84.094698 0.046002
84.128043 0.047352
84.161387 0.048559
84.194732 0.049596
84.228076 0.050462
84.261420 0.051186
84.294765 0.051817
84.328109 0.052423
84.361454 0.053077
84.394798 0.053859
84.428143 0.054843
84.461487 0.056086
84.494832 0.057623
84.528176 0.059454
84.561521 0.061535
84.594865 0.063777
84.628209 0.066048
84.661554 0.068183
84.694898 0.069997
84.728243 0.071311
84.761587 0.071973
84.794932 0.071883
84.828276 0.071004
84.861621 0.069379
84.894965 0.067121
84.928309 0.064403
84.961654 0.061436
84.994998 0.058438
85.028343 0.055611
85.061687 0.053110
85.095032 0.051034
85.128376 0.049416
85.161721 0.048233
85.195065 0.047417
85.228409 0.046882
85.261754 0.046544
85.295098 0.046343
85.328443 0.046251
85.361787 0.046276
85.395132 0.046457
85.428476 0.046847
85.461821 0.047496
85.495165 0.048430
85.528510 0.049643
85.561854 0.051085
85.595198 0.052665
85.628543 0.054265
85.661887 0.055752
85.695232 0.056996
85.728576 0.057887
85.761921 0.058347
85.795265 0.058336
85.828610 0.057848
85.861954 0.056911
85.895298 0.055574
85.928643 0.053900
85.961987 0.051964
85.995332 0.049845
86.028676 0.047637
86.062021 0.045443
86.095365 0.043388
86.128710 0.041615
86.162054 0.040282
86.195398 0.039550
86.228743 0.039569
86.262087 0.040452
86.295432 0.042263
86.328776 0.044991
86.362121 0.048548
86.395465 0.052770
86.428810 0.057427
86.462154 0.062249
86.495498 0.066955
86.528843 0.071284
86.562187 0.075026
86.595532 0.078042
86.628876 0.080276
86.662221 0.081749
86.695565 0.082553
86.728910 0.082826
86.762254 0.082726
86.795599 0.082406
86.828943 0.081999
86.862287 0.081594
86.895632 0.081242
86.928976 0.080952
86.962321 0.080700
86.995665 0.080446
87.029010 0.080142
87.062354 0.079742
87.095699 0.079212
87.129043 0.078530
87.162387 0.077683
87.195732 0.076668
87.229076 0.075485
87.262421 0.074139
87.295765 0.072635
87.329110 0.070980
87.362454 0.069190
87.395799 0.067287
87.429143 0.065303
87.462487 0.063281
87.495832 0.061273
87.529176 0.059334
87.562521 0.057522
87.595865 0.055890
87.629210 0.054486
87.662554 0.053353
87.695899 0.052532
87.729243 0.052058
87.762588 0.051968
87.795932 0.052295
87.829276 0.053070
87.862621 0.054307
87.895965 0.056001
87.929310 0.058109
87.962654 0.060550
87.995999 0.063191
88.029343 0.065857
88.062688 0.068335
88.096032 0.070399
88.129376 0.071831
88.162721 0.072452
88.196065 0.072147
88.229410 0.070893
88.262754 0.068762
88.296099 0.065928
88.329443 0.062650
88.362788 0.059244
88.396132 0.056051
88.429476 0.053392
88.462821 0.051533
88.496165 0.050652
88.529510 0.050815
88.562854 0.051968
88.596199 0.053946
88.629543 0.056492
88.662888 0.059288
88.696232 0.061987
88.729577 0.064260
88.762921 0.065820
88.796265 0.066463
88.829610 0.066074
88.862954 0.064647
88.896299 0.062271
88.929643 0.059127
88.962988 0.055463
88.996332 0.051570
89.029677 0.047754
89.063021 0.044310
89.096365 0.041500
89.129710 0.039528
89.163054 0.038532
89.196399 0.038573
89.229743 0.039640
89.263088 0.041649
89.296432 0.044461
89.329777 0.047891
89.363121 0.051727
89.396465 0.055746
89.429810 0.059727
89.463154 0.063469
89.496499 0.066794
89.529843 0.069558
89.563188 0.071654
89.596532 0.073016
89.629877 0.073617
89.663221 0.073468
89.696566 0.072621
89.729910 0.071164
89.763254 0.069219
89.796599 0.066935
89.829943 0.064483
89.863288 0.062042
89.896632 0.059787
89.929977 0.057877
89.963321 0.056439
89.996666 0.055558
90.030010 0.055266
90.063354 0.055547
90.096699 0.056332
90.130043 0.057514
90.163388 0.058959
90.196732 0.060520
90.230077 0.062057
90.263421 0.063443
90.296766 0.064581
90.330110 0.065400
90.363454 0.065860
90.396799 0.065944
90.430143 0.065654
90.463488 0.065002
90.496832 0.064006
90.530177 0.062687
90.563521 0.061072
90.596866 0.059195
90.630210 0.057100
90.663555 0.054847
90.696899 0.052508
90.730243 0.050172
90.763588 0.047932
90.796932 0.045883
90.830277 0.044110
90.863621 0.042681
90.896966 0.041644
90.930310 0.041026
90.963655 0.040836
90.996999 0.041071
91.030343 0.041728
91.063688 0.042806
91.097032 0.044314
91.130377 0.046268
91.163721 0.048682
91.197066 0.051558
91.230410 0.054868
91.263755 0.058543
91.297099 0.062461
91.330443 0.066444
91.363788 0.070270
91.397132 0.073684
91.430477 0.076428
91.463821 0.078274
91.497166 0.079054
91.530510 0.078685
91.563855 0.077193
91.597199 0.074713
91.630544 0.071484
91.663888 0.067822
91.697232 0.064090
91.730577 0.060657
91.763921 0.057861
91.797266 0.055969
91.830610 0.055154
91.863955 0.055480
91.897299 0.056903
91.930644 0.059280
91.963988 0.062388
91.997332 0.065956
92.030677 0.069689
92.064021 0.073296
92.097366 0.076512
92.130710 0.079119
92.164055 0.080950
92.197399 0.081897
92.230744 0.081913
92.264088 0.081003
92.297432 0.079224
92.330777 0.076674
92.364121 0.073490
92.397466 0.069833
92.430810 0.065885
92.464155 0.061837
92.497499 0.057879
92.530844 0.054185
92.564188 0.050909
92.597533 0.048167
92.630877 0.046036
92.664221 0.044544
92.697566 0.043674
92.730910 0.043368
92.764255 0.043537
92.797599 0.044067
92.830944 0.044844
92.864288 0.045761
92.897633 0.046733
92.930977 0.047714
92.964321 0.048695
92.997666 0.049712
93.031010 0.050841
93.064355 0.052186
93.097699 0.053868
93.131044 0.056006
93.164388 0.058698
93.197733 0.062009
93.231077 0.065946
93.264421 0.070456
93.297766 0.075421
93.331110 0.080657
93.364455 0.085930
93.397799 0.090968
93.431144 0.095489
93.464488 0.099220
93.497833 0.101923
93.531177 0.103416
93.564522 0.103591
93.597866 0.102418
93.631210 0.099950
93.664555 0.096313
93.697899 0.091696
93.731244 0.086326
93.764588 0.080454
93.797933 0.074330
93.831277 0.068186
93.864622 0.062221
93.897966 0.056592
93.931310 0.051408
93.964655 0.046733
93.997999 0.042590
94.031344 0.038972
94.064688 0.035846
94.098033 0.033169
94.131377 0.030899
94.164722 0.028998
94.198066 0.027445
94.231410 0.026239
94.264755 0.025397
94.298099 0.024954
94.331444 0.024958
94.364788 0.025455
94.398133 0.026488
94.431477 0.028073
94.464822 0.030199
94.498166 0.032811
94.531511 0.035808
94.564855 0.039049
94.598199 0.042352
94.631544 0.045514
94.664888 0.048323
94.698233 0.050584
94.731577 0.052135
94.764922 0.052865
94.798266 0.052728
94.831611 0.051747
94.864955 0.050016
94.898299 0.047688
94.931644 0.044961
94.964988 0.042062
94.998333 0.039228
95.031677 0.036684
95.065022 0.034627
95.098366 0.033212
95.131711 0.032547
95.165055 0.032679
95.198399 0.033598
95.231744 0.035236
95.265088 0.037469
95.298433 0.040126
95.331777 0.042999
95.365122 0.045853
95.398466 0.048447
95.431811 0.050552
95.465155 0.051970
95.498499 0.052558
95.531844 0.052242
95.565188 0.051034
95.598533 0.049031
95.631877 0.046411
95.665222 0.043422
95.698566 0.040352
95.731911 0.037508
95.765255 0.035180
95.798600 0.033614
95.831944 0.032987
95.865288 0.033395
95.898633 0.034849
95.931977 0.037274
95.965322 0.040529
95.998666 0.044423
96.032011 0.048735
96.065355 0.053235
96.098700 0.057699
96.132044 0.061920
96.165388 0.065720
96.198733 0.068948
96.232077 0.071482
96.265422 0.073233
96.298766 0.074148
96.332111 0.074207
96.365455 0.073433
96.398800 0.071892
96.432144 0.069692
96.465488 0.066978
96.498833 0.063920
96.532177 0.060703
96.565522 0.057502
96.598866 0.054468
96.632211 0.051706
96.665555 0.049273
96.698900 0.047169
96.732244 0.045348
96.765589 0.043736
96.798933 0.042247
96.832277 0.040810
96.865622 0.039386
96.898966 0.037982
96.932311 0.036654
96.965655 0.035497
96.999000 0.034628
97.032344 0.034163
97.065689 0.034191
97.099033 0.034752
97.132377 0.035823
97.165722 0.037316
97.199066 0.039084
97.232411 0.040939
97.265755 0.042679
97.299100 0.044113
97.332444 0.045086
97.365789 0.045500
97.399133 0.045320
97.432477 0.044574
97.465822 0.043344
97.499166 0.041747
97.532511 0.039920
97.565855 0.037998
97.599200 0.036101
97.632544 0.034323
97.665889 0.032731
97.699233 0.031364
97.732578 0.030238
97.765922 0.029353
97.799266 0.028696
97.832611 0.028246
97.865955 0.027978
97.899300 0.027861
97.932644 0.027860
97.965989 0.027943
97.999333 0.028082
98.032678 0.028260
98.066022 0.028484
98.099366 0.028788
98.132711 0.029238
98.166055 0.029931
98.199400 0.030988
98.232744 0.032539
98.266089 0.034704
98.299433 0.037574
98.332778 0.041188
98.366122 0.045519
98.399466 0.050465
98.432811 0.055853
98.466155 0.061447
98.499500 0.066971
98.532844 0.072134
98.566189 0.076657
98.599533 0.080301
98.632878 0.082884
98.666222 0.084296
98.699567 0.084501
98.732911 0.083535
98.766255 0.081497
98.799600 0.078530
98.832944 0.074813
98.866289 0.070542
98.899633 0.065918
98.932978 0.061144
98.966322 0.056409
98.999667 0.051891
99.033011 0.047747
99.066355 0.044107
99.099700 0.041071
99.133044 0.038703
99.166389 0.037021
99.199733 0.036000
99.233078 0.035573
99.266422 0.035633
99.299767 0.036046
99.333111 0.036665
99.366455 0.037340
99.399800 0.037941
99.433144 0.038362
99.466489 0.038532
99.499833 0.038422
99.533178 0.038035
99.566522 0.037407
99.599867 0.036593
99.633211 0.035659
99.666556 0.034674
99.699900 0.033697
99.733244 0.032780
99.766589 0.031958
99.799933 0.031256
99.833278 0.030683
99.866622 0.030243
99.899967 0.029928
99.933311 0.029727
99.966656 0.029625
100.000000 0.029607
