0.000000 0.000000
0.033344 -0.000017
0.066689 -0.000066
0.100033 -0.000143
0.133378 -0.000241
0.166722 -0.000351
0.200067 -0.000464
0.233411 -0.000571
0.266756 -0.000665
0.300100 -0.000740
0.333444 -0.000792
0.366789 -0.000821
0.400133 -0.000829
0.433478 -0.000819
0.466822 -0.000798
0.500167 -0.000772
0.533511 -0.000748
0.566856 -0.000731
0.600200 -0.000726
0.633545 -0.000732
0.666889 -0.000748
0.700233 -0.000771
0.733578 -0.000795
0.766922 -0.000815
0.800267 -0.000826
0.833611 -0.000827
0.866956 -0.000820
0.900300 -0.000809
0.933645 -0.000803
0.966989 -0.000808
1.000333 -0.000833
1.033678 -0.000878
1.067022 -0.000943
1.100367 -0.001019
1.133711 -0.001095
1.167056 -0.001157
1.200400 -0.001191
1.233745 -0.001190
1.267089 -0.001153
1.300433 -0.001085
1.333778 -0.001000
1.367122 -0.000917
1.400467 -0.000851
1.433811 -0.000818
1.467156 -0.000821
1.500500 -0.000856
1.533845 -0.000910
1.567189 -0.000961
1.600534 -0.000989
1.633878 -0.000978
1.667222 -0.000920
1.700567 -0.000824
1.733911 -0.000708
1.767256 -0.000601
1.800600 -0.000534
1.833945 -0.000532
1.867289 -0.000608
1.900634 -0.000759
1.933978 -0.000964
1.967322 -0.001188
2.000667 -0.001389
2.034011 -0.001530
2.067356 -0.001588
2.100700 -0.001558
2.134045 -0.001459
2.167389 -0.001327
2.200734 -0.001210
2.234078 -0.001154
2.267422 -0.001191
2.300767 -0.001330
2.334111 -0.001554
2.367456 -0.001823
2.400800 -0.002081
2.434145 -0.002272
2.467489 -0.002353
2.500834 -0.002305
2.534178 -0.002145
2.567523 -0.001915
2.600867 -0.001679
2.634211 -0.001504
2.667556 -0.001446
2.700900 -0.001529
2.734245 -0.001741
2.767589 -0.002033
2.800934 -0.002329
2.834278 -0.002546
2.867623 -0.002614
2.900967 -0.002497
2.934311 -0.002202
2.967656 -0.001784
3.001000 -0.001334
3.034345 -0.000957
3.067689 -0.000751
3.101034 -0.000774
3.134378 -0.001034
3.167723 -0.001482
3.201067 -0.002019
3.234411 -0.002523
3.267756 -0.002873
3.301100 -0.002985
3.334445 -0.002831
3.367789 -0.002449
3.401134 -0.001939
3.434478 -0.001438
3.467823 -0.001083
3.501167 -0.000984
3.534512 -0.001185
3.567856 -0.001656
3.601200 -0.002295
3.634545 -0.002949
3.667889 -0.003455
3.701234 -0.003678
3.734578 -0.003550
3.767923 -0.003088
3.801267 -0.002396
3.834612 -0.001639
3.867956 -0.001008
3.901300 -0.000665
3.934645 -0.000707
3.967989 -0.001130
4.001334 -0.001834
4.034678 -0.002638
4.068023 -0.003325
4.101367 -0.003700
4.134712 -0.003641
4.168056 -0.003134
4.201400 -0.002285
4.234745 -0.001297
4.268089 -0.000423
4.301434 0.000094
4.334778 0.000089
4.368123 -0.000479
4.401467 -0.001511
4.434812 -0.002787
4.468156 -0.004013
4.501501 -0.004893
4.534845 -0.005208
4.568189 -0.004873
4.601534 -0.003966
4.634878 -0.002717
4.668223 -0.001451
4.701567 -0.000512
4.734912 -0.000174
4.768256 -0.000563
4.801601 -0.001620
4.834945 -0.003105
4.868289 -0.004655
4.901634 -0.005868
4.934978 -0.006411
4.968323 -0.006111
5.001667 -0.005010
5.035012 -0.003369
5.068356 -0.001606
5.101701 -0.000204
5.135045 0.000419
5.168389 0.000018
5.201734 -0.001401
5.235078 -0.003570
5.268423 -0.006012
5.301767 -0.008158
5.335112 -0.009487
5.368456 -0.009673
5.401801 -0.008674
5.435145 -0.006768
5.468489 -0.004496
5.501834 -0.002532
5.535178 -0.001516
5.568523 -0.001878
5.601867 -0.003709
5.635212 -0.006716
5.668556 -0.010274
5.701901 -0.013569
5.735245 -0.015812
5.768590 -0.016445
5.801934 -0.015319
5.835278 -0.012759
5.868623 -0.009515
5.901967 -0.006590
5.935312 -0.004985
5.968656 -0.005427
6.002001 -0.008143
6.035345 -0.012751
6.068690 -0.018302
6.102034 -0.023465
6.135378 -0.026796
6.168723 -0.027023
6.202067 -0.023209
6.235412 -0.014719
6.268756 -0.000923
6.302101 0.019359
6.335445 0.048596
6.368790 0.091298
6.402134 0.154601
6.435478 0.248449
6.468823 0.385209
6.502167 0.578608
6.535512 0.842033
6.568856 1.186332
6.602201 1.617416
6.635545 2.134029
6.668890 2.726091
6.702234 3.373996
6.735579 4.049095
6.768923 4.715479
6.802267 5.332929
6.835612 5.860729
6.868956 6.261880
6.902301 6.507129
6.935645 6.578285
6.968990 6.470305
7.002334 6.191879
7.035679 5.764400
7.069023 5.219485
7.102367 4.595401
7.135712 3.932903
7.169056 3.271075
7.202401 2.643714
7.235745 2.076700
7.269090 1.586615
7.302434 1.180658
7.335779 0.857716
7.369123 0.610281
7.402467 0.426818
7.435812 0.294157
7.469156 0.199560
7.502501 0.132193
7.535845 0.083915
7.569190 0.049388
7.602534 0.025664
7.635879 0.011466
7.669223 0.006372
7.702568 0.010118
7.735912 0.022137
7.769256 0.041380
7.802601 0.066385
7.835945 0.095510
7.869290 0.127198
7.902634 0.160191
7.935979 0.193602
7.969323 0.226842
8.002668 0.259427
8.036012 0.290738
8.069356 0.319828
8.102701 0.345325
8.136045 0.365513
8.169390 0.378544
8.202734 0.382771
8.236079 0.377106
8.269423 0.361317
8.302768 0.336185
8.336112 0.303484
8.369456 0.265763
8.402801 0.225988
8.436145 0.187112
8.469490 0.151666
8.502834 0.121461
8.536179 0.097457
8.569523 0.079826
8.602868 0.068187
8.636212 0.061943
8.669557 0.060646
8.702901 0.064309
8.736245 0.073574
8.769590 0.089721
8.802934 0.114513
8.836279 0.149905
8.869623 0.197687
8.902968 0.259145
8.936312 0.334783
8.969657 0.424170
9.003001 0.525919
9.036345 0.637778
9.069690 0.756807
9.103034 0.879579
9.136379 1.002378
9.169723 1.121350
9.203068 1.232613
9.236412 1.332333
9.269757 1.416808
9.303101 1.482568
9.336445 1.526546
9.369790 1.546294
9.403134 1.540244
9.436479 1.507969
9.469823 1.450376
9.503168 1.369804
9.536512 1.269968
9.569857 1.155752
9.603201 1.032859
9.636546 0.907380
9.669890 0.785337
9.703234 0.672289
9.736579 0.573041
9.769923 0.491513
9.803268 0.430749
9.836612 0.393043
9.869957 0.380126
9.903301 0.393319
9.936646 0.433620
9.969990 0.501652
10.003334 0.597490
10.036679 0.720381
10.070023 0.868437
10.103368 1.038379
10.136712 1.225410
10.170057 1.423290
10.203401 1.624648
10.236746 1.821489
10.270090 2.005866
10.303434 2.170604
10.336779 2.309978
10.370123 2.420230
10.403468 2.499855
10.436812 2.549608
10.470157 2.572241
10.503501 2.572012
10.536846 2.554052
10.570190 2.523685
10.603535 2.485796
10.636879 2.444329
10.670223 2.401958
10.703568 2.359967
10.736912 2.318307
10.770257 2.275818
10.803601 2.230546
10.836946 2.180138
10.870290 2.122232
10.903635 2.054843
10.936979 1.976684
10.970323 1.887428
11.003668 1.787868
11.037012 1.679982
11.070357 1.566869
11.103701 1.452560
11.137046 1.341708
11.170390 1.239173
11.203735 1.149544
11.237079 1.076665
11.270423 1.023219
11.303768 0.990453
11.337112 0.978094
11.370457 0.984485
11.403801 1.006926
11.437146 1.042174
11.470490 1.087013
11.503835 1.138781
11.537179 1.195747
11.570524 1.257260
11.603868 1.323610
11.637212 1.395625
11.670557 1.474071
11.703901 1.558971
11.737246 1.648993
11.770590 1.741041
11.803935 1.830174
11.837279 1.909902
11.870624 1.972839
11.903968 2.011630
11.937312 2.020013
11.970657 1.993811
12.004001 1.931709
12.037346 1.835645
12.070690 1.710751
12.104035 1.564847
12.137379 1.407551
12.170724 1.249183
12.204068 1.099610
12.237412 0.967256
12.270757 0.858391
12.304101 0.776830
12.337446 0.724023
12.370790 0.699502
12.404135 0.701546
12.437479 0.727913
12.470824 0.776488
12.504168 0.845702
12.537513 0.934659
12.570857 1.042965
12.604201 1.170297
12.637546 1.315852
12.670890 1.477772
12.704235 1.652717
12.737579 1.835661
12.770924 2.019997
12.804268 2.197926
12.837613 2.361109
12.870957 2.501456
12.904301 2.611962
12.937646 2.687444
12.970990 2.725099
13.004335 2.724803
13.037679 2.689121
13.071024 2.623050
13.104368 2.533534
13.137713 2.428813
13.171057 2.317697
13.204401 2.208830
13.237746 2.110009
13.271090 2.027622
13.304435 1.966225
13.337779 1.928299
13.371124 1.914183
13.404468 1.922197
13.437813 1.948928
13.471157 1.989660
13.504502 2.038919
13.537846 2.091059
13.571190 2.140845
13.604535 2.183961
13.637879 2.217363
13.671224 2.239462
13.704568 2.250075
13.737913 2.250181
13.771257 2.241509
13.804602 2.226039
13.837946 2.205491
13.871290 2.180915
13.904635 2.152452
13.937979 2.119313
13.971324 2.079988
14.004668 2.032651
14.038013 1.975674
14.071357 1.908152
14.104702 1.830331
14.138046 1.743831
14.171390 1.651623
14.204735 1.557733
14.238079 1.466733
14.271424 1.383112
14.304768 1.310644
14.338113 1.251896
14.371457 1.207988
14.404802 1.178672
14.438146 1.162731
14.471490 1.158645
14.504835 1.165403
14.538179 1.183277
14.571524 1.214413
14.604868 1.263063
14.638213 1.335371
14.671557 1.438686
14.704902 1.580474
14.738246 1.766962
14.771591 2.001753
14.804935 2.284615
14.838279 2.610695
14.871624 2.970323
14.904968 3.349489
14.938313 3.730978
14.971657 4.096032
15.005002 4.426321
15.038346 4.705940
15.071691 4.923147
15.105035 5.071569
15.138379 5.150711
15.171724 5.165673
15.205068 5.126148
15.238413 5.044850
15.271757 4.935628
15.305102 4.811573
15.338446 4.683404
15.371791 4.558371
15.405135 4.439834
15.438479 4.327524
15.471824 4.218413
15.505168 4.107981
15.538513 3.991635
15.571857 3.866008
15.605202 3.729882
15.638546 3.584604
15.671891 3.433907
15.705235 3.283226
15.738580 3.138637
15.771924 3.005663
15.805268 2.888173
15.838613 2.787604
15.871957 2.702651
15.905302 2.629484
15.938646 2.562442
15.971991 2.495080
16.005335 2.421352
16.038680 2.336744
16.072024 2.239128
16.105368 2.129227
16.138713 2.010624
16.172057 1.889346
16.205402 1.773133
16.238746 1.670537
16.272091 1.590016
16.305435 1.539171
16.338780 1.524205
16.372124 1.549631
16.405468 1.618198
16.438813 1.730950
16.472157 1.887307
16.505502 2.085098
16.538846 2.320476
16.572191 2.587737
16.605535 2.879093
16.638880 3.184516
16.672224 3.491758
16.705569 3.786683
16.738913 4.053947
16.772257 4.278045
16.805602 4.444629
16.838946 4.541964
16.872291 4.562317
16.905635 4.503085
16.938980 4.367464
16.972324 4.164555
17.005669 3.908847
17.039013 3.619126
17.072357 3.316933
17.105702 3.024755
17.139046 2.764143
17.172391 2.553977
17.205735 2.409027
17.239080 2.338931
17.272424 2.347648
17.305769 2.433371
17.339113 2.588860
17.372457 2.802135
17.405802 3.057439
17.439146 3.336404
17.472491 3.619353
17.505835 3.886684
17.539180 4.120254
17.572524 4.304701
17.605869 4.428600
17.639213 4.485355
17.672558 4.473704
17.705902 4.397762
17.739246 4.266545
17.772591 4.092976
17.805935 3.892470
17.839280 3.681239
17.872624 3.474527
17.905969 3.285013
17.939313 3.121606
17.972658 2.988796
18.006002 2.886667
18.039346 2.811535
18.072691 2.757112
18.106035 2.715969
18.139380 2.681056
18.172724 2.647015
18.206069 2.611058
18.239413 2.573288
18.272758 2.536431
18.306102 2.505059
18.339446 2.484478
18.372791 2.479510
18.406135 2.493409
18.439480 2.527110
18.472824 2.578933
18.506169 2.644786
18.539513 2.718789
18.572858 2.794183
18.606202 2.864337
18.639547 2.923654
18.672891 2.968235
18.706235 2.996184
18.739580 3.007571
18.772924 3.004079
18.806269 2.988476
18.839613 2.964039
18.872958 2.934059
18.906302 2.901524
18.939647 2.869014
18.972991 2.838790
19.006335 2.812994
19.039680 2.793874
19.073024 2.783913
19.106369 2.785806
19.139713 2.802232
19.173058 2.835453
19.206402 2.886810
19.239747 2.956204
19.273091 3.041694
19.306435 3.139287
19.339780 3.243015
19.373124 3.345278
19.406469 3.437455
19.439813 3.510684
19.473158 3.556709
19.506502 3.568700
19.539847 3.541913
19.573191 3.474144
19.606536 3.365920
19.639880 3.220422
19.673224 3.043171
19.706569 2.841528
19.739913 2.624060
19.773258 2.399849
19.806602 2.177804
19.839947 1.966020
19.873291 1.771255
19.906636 1.598547
19.939980 1.451002
19.973324 1.329783
20.006669 1.234288
20.040013 1.162505
20.073358 1.111497
20.106702 1.077969
20.140047 1.058809
20.173391 1.051549
20.206736 1.054648
20.240080 1.067559
20.273424 1.090551
20.306769 1.124333
20.340113 1.169530
20.373458 1.226142
20.406802 1.293072
20.440147 1.367861
20.473491 1.446686
20.506836 1.524645
20.540180 1.596303
20.573525 1.656402
20.606869 1.700600
20.640213 1.726114
20.673558 1.732115
20.706902 1.719827
20.740247 1.692287
20.773591 1.653829
20.806936 1.609414
20.840280 1.563927
20.873625 1.521621
20.906969 1.485809
20.940313 1.458879
20.973658 1.442603
21.007002 1.438667
21.040347 1.449254
21.073691 1.477532
21.107036 1.527852
21.140380 1.605575
21.173725 1.716473
21.207069 1.865769
21.240413 2.056964
21.273758 2.290653
21.307102 2.563568
21.340447 2.868046
21.373791 3.192080
21.407136 3.519994
21.440480 3.833702
21.473825 4.114382
21.507169 4.344347
21.540514 4.508846
21.573858 4.597547
21.607202 4.605490
21.640547 4.533414
21.673891 4.387434
21.707236 4.178139
21.740580 3.919289
21.773925 3.626302
21.807269 3.314752
21.840614 2.999055
21.873958 2.691499
21.907302 2.401667
21.940647 2.136273
21.973991 1.899346
22.007336 1.692680
22.040680 1.516434
22.074025 1.369772
22.107369 1.251460
22.140714 1.160346
22.174058 1.095693
22.207402 1.057340
22.240747 1.045697
22.274091 1.061591
22.307436 1.105987
22.340780 1.179616
22.374125 1.282547
22.407469 1.413763
22.440814 1.570783
22.474158 1.749405
22.507503 1.943620
22.540847 2.145736
22.574191 2.346734
22.607536 2.536845
22.640880 2.706282
22.674225 2.846073
22.707569 2.948854
22.740914 3.009551
22.774258 3.025824
22.807603 2.998229
22.840947 2.930062
22.874291 2.826927
22.907636 2.696087
22.940980 2.545701
22.974325 2.384082
23.007669 2.219048
23.041014 2.057473
23.074358 1.905057
23.107703 1.766297
23.141047 1.644632
23.174391 1.542654
23.207736 1.462325
23.241080 1.405116
23.274425 1.372034
23.307769 1.363528
23.341114 1.379303
23.374458 1.418123
23.407803 1.477645
23.441147 1.554381
23.474491 1.643818
23.507836 1.740699
23.541180 1.839454
23.574525 1.934705
23.607869 2.021773
23.641214 2.097087
23.674558 2.158450
23.707903 2.205093
23.741247 2.237527
23.774592 2.257223
23.807936 2.266182
23.841280 2.266476
23.874625 2.259835
23.907969 2.247358
23.941314 2.229391
23.974658 2.205573
24.008003 2.175037
24.041347 2.136728
24.074692 2.089767
24.108036 2.033799
24.141380 1.969267
24.174725 1.897574
24.208069 1.821095
24.241414 1.743045
24.274758 1.667225
24.308103 1.597649
24.341447 1.538136
24.374792 1.491874
24.408136 1.461034
24.441480 1.446471
24.474825 1.447554
24.508169 1.462160
24.541514 1.486831
24.574858 1.517117
24.608203 1.548043
24.641547 1.574673
24.674892 1.592700
24.708236 1.598972
24.741581 1.591889
24.774925 1.571601
24.808269 1.539968
24.841614 1.500282
24.874958 1.456783
24.908303 1.414040
24.941647 1.376300
24.974992 1.346895
25.008336 1.327820
25.041681 1.319540
25.075025 1.321042
25.108369 1.330139
25.141714 1.343935
25.175058 1.359365
25.208403 1.373716
25.241747 1.385013
25.275092 1.392216
25.308436 1.395197
25.341781 1.394534
25.375125 1.391163
25.408469 1.386007
25.441814 1.379655
25.475158 1.372183
25.508503 1.363158
25.541847 1.351826
25.575192 1.337422
25.608536 1.319547
25.641881 1.298489
25.675225 1.275414
25.708570 1.252350
25.741914 1.231967
25.775258 1.217157
25.808603 1.210518
25.841947 1.213817
25.875292 1.227565
25.908636 1.250789
25.941981 1.281045
25.975325 1.314700
26.008670 1.347413
26.042014 1.374749
26.075358 1.392795
26.108703 1.398690
26.142047 1.390954
26.175392 1.369597
26.208736 1.335978
26.242081 1.292485
26.275425 1.242089
26.308770 1.187893
26.342114 1.132736
26.375458 1.078941
26.408803 1.028217
26.442147 0.981713
26.475492 0.940178
26.508836 0.904164
26.542181 0.874200
26.575525 0.850893
26.608870 0.834924
26.642214 0.826934
26.675559 0.827350
26.708903 0.836187
26.742247 0.852887
26.775592 0.876246
26.808936 0.904450
26.842281 0.935228
26.875625 0.966085
26.908970 0.994581
26.942314 1.018605
26.975659 1.036582
27.009003 1.047605
27.042347 1.051458
27.075692 1.048564
27.109036 1.039872
27.142381 1.026723
27.175725 1.010738
27.209070 0.993725
27.242414 0.977640
27.275759 0.964547
27.309103 0.956593
27.342447 0.955926
27.375792 0.964566
27.409136 0.984202
27.442481 1.015945
27.475825 1.060060
27.509170 1.115743
27.542514 1.180984
27.575859 1.252575
27.609203 1.326273
27.642548 1.397133
27.675892 1.459961
27.709236 1.509833
27.742581 1.542620
27.775925 1.555413
27.809270 1.546812
27.842614 1.517031
27.875959 1.467801
27.909303 1.402109
27.942648 1.323816
27.975992 1.237215
28.009336 1.146605
28.042681 1.055932
28.076025 0.968536
28.109370 0.887027
28.142714 0.813270
28.176059 0.748460
28.209403 0.693245
28.242748 0.647867
28.276092 0.612283
28.309436 0.586242
28.342781 0.569338
28.376125 0.561013
28.409470 0.560552
28.442814 0.567074
28.476159 0.579542
28.509503 0.596791
28.542848 0.617589
28.576192 0.640707
28.609537 0.665012
28.642881 0.689548
28.676225 0.713610
28.709570 0.736797
28.742914 0.759046
28.776259 0.780626
28.809603 0.802120
28.842948 0.824358
28.876292 0.848331
28.909637 0.875064
28.942981 0.905463
28.976325 0.940149
29.009670 0.979282
29.043014 1.022414
29.076359 1.068395
29.109703 1.115345
29.143048 1.160742
29.176392 1.201593
29.209737 1.234717
29.243081 1.257086
29.276425 1.266190
29.309770 1.260370
29.343114 1.239072
29.376459 1.202970
29.409803 1.153937
29.443148 1.094867
29.476492 1.029367
29.509837 0.961371
29.543181 0.894737
29.576526 0.832878
29.609870 0.778488
29.643214 0.733398
29.676559 0.698553
29.709903 0.674107
29.743248 0.659591
29.776592 0.654114
29.809937 0.656544
29.843281 0.665637
29.876626 0.680111
29.909970 0.698647
29.943314 0.719864
29.976659 0.742290
30.010003 0.764355
30.043348 0.784444
30.076692 0.801006
30.110037 0.812698
30.143381 0.818556
30.176726 0.818129
30.210070 0.811553
30.243414 0.799532
30.276759 0.783220
30.310103 0.764027
30.343448 0.743366
30.376792 0.722424
30.410137 0.701974
30.443481 0.682293
30.476826 0.663203
30.510170 0.644219
30.543515 0.624784
30.576859 0.604534
30.610203 0.583530
30.643548 0.562402
30.676892 0.542368
30.710237 0.525111
30.743581 0.512535
30.776926 0.506444
30.810270 0.508199
30.843615 0.518436
30.876959 0.536878
30.910303 0.562297
30.943648 0.592628
30.976992 0.625207
31.010337 0.657102
31.043681 0.685463
31.077026 0.707851
31.110370 0.722480
31.143715 0.728357
31.177059 0.725306
31.210403 0.713898
31.243748 0.695312
31.277092 0.671168
31.310437 0.643362
31.343781 0.613927
31.377126 0.584928
31.410470 0.558382
31.443815 0.536189
31.477159 0.520061
31.510504 0.511434
31.543848 0.511362
31.577192 0.520408
31.610537 0.538547
31.643881 0.565120
31.677226 0.598851
31.710570 0.637937
31.743915 0.680226
31.777259 0.723437
31.810604 0.765412
31.843948 0.804330
31.877292 0.838874
31.910637 0.868296
31.943981 0.892379
31.977326 0.911315
32.010670 0.925515
32.044015 0.935400
32.077359 0.941234
32.110704 0.943006
32.144048 0.940422
32.177392 0.932976
32.210737 0.920104
32.244081 0.901364
32.277426 0.876615
32.310770 0.846136
32.344115 0.810669
32.377459 0.771363
32.410804 0.729640
32.444148 0.687006
32.477492 0.644854
32.510837 0.604294
32.544181 0.566053
32.577526 0.530457
32.610870 0.497498
32.644215 0.466961
32.677559 0.438582
32.710904 0.412195
32.744248 0.387836
32.777593 0.365780
32.810937 0.346505
32.844281 0.330596
32.877626 0.318618
32.910970 0.310988
32.944315 0.307870
32.977659 0.309132
33.011004 0.314356
33.044348 0.322907
33.077693 0.334034
33.111037 0.346979
33.144381 0.361074
33.177726 0.375797
33.211070 0.390783
33.244415 0.405796
33.277759 0.420669
33.311104 0.435240
33.344448 0.449301
33.377793 0.462566
33.411137 0.474677
33.444481 0.485240
33.477826 0.493870
33.511170 0.500243
33.544515 0.504128
33.577859 0.505410
33.611204 0.504081
33.644548 0.500227
33.677893 0.494011
33.711237 0.485675
33.744582 0.475561
33.777926 0.464153
33.811270 0.452132
33.844615 0.440412
33.877959 0.430145
33.911304 0.422670
33.944648 0.419396
33.977993 0.421621
34.011337 0.430320
34.044682 0.445925
34.078026 0.468152
34.111370 0.495921
34.144715 0.527382
34.178059 0.560076
34.211404 0.591209
34.244748 0.617997
34.278093 0.638026
34.311437 0.649570
34.344782 0.651805
34.378126 0.644876
34.411470 0.629817
34.444815 0.608333
34.478159 0.582488
34.511504 0.554368
34.544848 0.525778
34.578193 0.498026
34.611537 0.471843
34.644882 0.447421
34.678226 0.424569
34.711571 0.402932
34.744915 0.382208
34.778259 0.362327
34.811604 0.343530
34.844948 0.326354
34.878293 0.311515
34.911637 0.299725
34.944982 0.291509
34.978326 0.287051
35.011671 0.286118
35.045015 0.288096
35.078359 0.292117
35.111704 0.297252
35.145048 0.302732
35.178393 0.308143
35.211737 0.313542
35.245082 0.319468
35.278426 0.326842
35.311771 0.336780
35.345115 0.350349
35.378459 0.368316
35.411804 0.390957
35.445148 0.417940
35.478493 0.448319
35.511837 0.480633
35.545182 0.513077
35.578526 0.543723
35.611871 0.570731
35.645215 0.592532
35.678560 0.607941
35.711904 0.616209
35.745248 0.617013
35.778593 0.610417
35.811937 0.596811
35.845282 0.576868
35.878626 0.551521
35.911971 0.521951
35.945315 0.489582
35.978660 0.456062
36.012004 0.423198
36.045348 0.392846
36.078693 0.366753
36.112037 0.346369
36.145382 0.332658
36.178726 0.325957
36.212071 0.325898
36.245415 0.331440
36.278760 0.341000
36.312104 0.352674
36.345448 0.364508
36.378793 0.374773
36.412137 0.382196
36.445482 0.386099
36.478826 0.386426
36.512171 0.383658
36.545515 0.378637
36.578860 0.372345
36.612204 0.365681
36.645549 0.359293
36.678893 0.353487
36.712237 0.348237
36.745582 0.343278
36.778926 0.338246
36.812271 0.332841
36.845615 0.326950
36.878960 0.320704
36.912304 0.314459
36.945649 0.308700
36.978993 0.303903
37.012337 0.300388
37.045682 0.298210
37.079026 0.297121
37.112371 0.296627
37.145715 0.296112
37.179060 0.295028
37.212404 0.293091
37.245749 0.290434
37.279093 0.287674
37.312437 0.285881
37.345782 0.286425
37.379126 0.290738
37.412471 0.300037
37.445815 0.315054
37.479160 0.335837
37.512504 0.361659
37.545849 0.391060
37.579193 0.422014
37.612538 0.452188
37.645882 0.479248
37.679226 0.501160
37.712571 0.516425
37.745915 0.524222
37.779260 0.524431
37.812604 0.517562
37.845949 0.504594
37.879293 0.486787
37.912638 0.465490
37.945982 0.441989
37.979326 0.417408
38.012671 0.392679
38.046015 0.368558
38.079360 0.345667
38.112704 0.324541
38.146049 0.305662
38.179393 0.289450
38.212738 0.276239
38.246082 0.266223
38.279426 0.259409
38.312771 0.255585
38.346115 0.254321
38.379460 0.255011
38.412804 0.256947
38.446149 0.259409
38.479493 0.261754
38.512838 0.263487
38.546182 0.264295
38.579527 0.264044
38.612871 0.262736
38.646215 0.260463
38.679560 0.257348
38.712904 0.253510
38.746249 0.249059
38.779593 0.244120
38.812938 0.238870
38.846282 0.233585
38.879627 0.228659
38.912971 0.224594
38.946315 0.221936
38.979660 0.221184
39.013004 0.222662
39.046349 0.226409
39.079693 0.232098
39.113038 0.239020
39.146382 0.246141
39.179727 0.252238
39.213071 0.256083
39.246415 0.256660
39.279760 0.253348
39.313104 0.246054
39.346449 0.235254
39.379793 0.221927
39.413138 0.207410
39.446482 0.193171
39.479827 0.180575
39.513171 0.170664
39.546516 0.164012
39.579860 0.160667
39.613204 0.160201
39.646549 0.161843
39.679893 0.164678
39.713238 0.167854
39.746582 0.170772
39.779927 0.173204
39.813271 0.175336
39.846616 0.177723
39.879960 0.181178
39.913304 0.186610
39.946649 0.194860
39.979993 0.206555
40.013338 0.222009
40.046682 0.241173
40.080027 0.263642
40.113371 0.288699
40.146716 0.315382
40.180060 0.342557
40.213404 0.368987
40.246749 0.393394
40.280093 0.414518
40.313438 0.431175
40.346782 0.442332
40.380127 0.447195
40.413471 0.445302
40.446816 0.436610
40.480160 0.421559
40.513505 0.401082
40.546849 0.376553
40.580193 0.349667
40.613538 0.322258
40.646882 0.296083
40.680227 0.272603
40.713571 0.252812
40.746916 0.237132
40.780260 0.225412
40.813605 0.217023
40.846949 0.211041
40.880293 0.206476
40.913638 0.202501
40.946982 0.198633
40.980327 0.194834
41.013671 0.191501
41.047016 0.189360
41.080360 0.189274
41.113705 0.192024
41.147049 0.198103
41.180393 0.207575
41.213738 0.220018
41.247082 0.234586
41.280427 0.250148
41.313771 0.265498
41.347116 0.279565
41.380460 0.291598
41.413805 0.301264
41.447149 0.308658
41.480493 0.314224
41.513838 0.318594
41.547182 0.322409
41.580527 0.326144
41.613871 0.329997
41.647216 0.333851
41.680560 0.337320
41.713905 0.339872
41.747249 0.340981
41.780594 0.340280
41.813938 0.337669
41.847282 0.333356
41.880627 0.327817
41.913971 0.321692
41.947316 0.315632
41.980660 0.310155
42.014005 0.305522
42.047349 0.301692
42.080694 0.298340
42.114038 0.294951
42.147382 0.290962
42.180727 0.285913
42.214071 0.279570
42.247416 0.272000
42.280760 0.263567
42.314105 0.254860
42.347449 0.246574
42.380794 0.239361
42.414138 0.233708
42.447482 0.229845
42.480827 0.227729
42.514171 0.227082
42.547516 0.227485
42.580860 0.228486
42.614205 0.229712
42.647549 0.230937
42.680894 0.232095
42.714238 0.233243
42.747583 0.234485
42.780927 0.235875
42.814271 0.237339
42.847616 0.238632
42.880960 0.239354
42.914305 0.239023
42.947649 0.237182
42.980994 0.233518
43.014338 0.227964
43.047683 0.220746
43.081027 0.212369
43.114371 0.203536
43.147716 0.195010
43.181060 0.187472
43.214405 0.181382
43.247749 0.176907
43.281094 0.173912
43.314438 0.172030
43.347783 0.170802
43.381127 0.169835
43.414471 0.168952
43.447816 0.168296
43.481160 0.168344
43.514505 0.169832
43.547849 0.173604
43.581194 0.180405
43.614538 0.190678
43.647883 0.204399
43.681227 0.220997
43.714572 0.239381
43.747916 0.258074
43.781260 0.275422
43.814605 0.289852
43.847949 0.300116
43.881294 0.305475
43.914638 0.305798
43.947983 0.301548
43.981327 0.293670
44.014672 0.283415
44.048016 0.272126
44.081360 0.261039
44.114705 0.251143
44.148049 0.243097
44.181394 0.237237
44.214738 0.233627
44.248083 0.232152
44.281427 0.232605
44.314772 0.234751
44.348116 0.238344
44.381460 0.243107
44.414805 0.248678
44.448149 0.254562
44.481494 0.260105
44.514838 0.264510
44.548183 0.266913
44.581527 0.266505
44.614872 0.262674
44.648216 0.255143
44.681561 0.244057
44.714905 0.230010
44.748249 0.213979
44.781594 0.197193
44.814938 0.180939
44.848283 0.166367
44.881627 0.154319
44.914972 0.145220
44.948316 0.139065
44.981661 0.135488
45.015005 0.133908
45.048349 0.133709
45.081694 0.134407
45.115038 0.135780
45.148383 0.137911
45.181727 0.141148
45.215072 0.145987
45.248416 0.152911
45.281761 0.162221
45.315105 0.173907
45.348449 0.187587
45.381794 0.202534
45.415138 0.217781
45.448483 0.232282
45.481827 0.245096
45.515172 0.255536
45.548516 0.263267
45.581861 0.268317
45.615205 0.271013
45.648550 0.271844
45.681894 0.271312
45.715238 0.269780
45.748583 0.267385
45.781927 0.264014
45.815272 0.259364
45.848616 0.253064
45.881961 0.244826
45.915305 0.234588
45.948650 0.222612
45.981994 0.209499
46.015338 0.196135
46.048683 0.183549
46.082027 0.172741
46.115372 0.164502
46.148716 0.159275
46.182061 0.157084
46.215405 0.157552
46.248750 0.159995
46.282094 0.163577
46.315438 0.167482
46.348783 0.171067
46.382127 0.173967
46.415472 0.176113
46.448816 0.177690
46.482161 0.179025
46.515505 0.180456
46.548850 0.182204
46.582194 0.184294
46.615539 0.186532
46.648883 0.188553
46.682227 0.189917
46.715572 0.190234
46.748916 0.189272
46.782261 0.187037
46.815605 0.183778
46.848950 0.179934
46.882294 0.176029
46.915639 0.172537
46.948983 0.169764
46.982327 0.167760
47.015672 0.166306
47.049016 0.164964
47.082361 0.163184
47.115705 0.160447
47.149050 0.156405
47.182394 0.150973
47.215739 0.144374
47.249083 0.137097
47.282427 0.129801
47.315772 0.123171
47.349116 0.117776
47.382461 0.113954
47.415805 0.111754
47.449150 0.110955
47.482494 0.111145
47.515839 0.111850
47.549183 0.112670
47.582528 0.113390
47.615872 0.114042
47.649216 0.114886
47.682561 0.116329
47.715905 0.118796
47.749250 0.122582
47.782594 0.127733
47.815939 0.133977
47.849283 0.140738
47.882628 0.147224
47.915972 0.152575
47.949316 0.156043
47.982661 0.157148
48.016005 0.155799
48.049350 0.152318
48.082694 0.147394
48.116039 0.141953
48.149383 0.136980
48.182728 0.133342
48.216072 0.131631
48.249416 0.132080
48.282761 0.134548
48.316105 0.138593
48.349450 0.143589
48.382794 0.148870
48.416139 0.153860
48.449483 0.158166
48.482828 0.161599
48.516172 0.164143
48.549517 0.165880
48.582861 0.166893
48.616205 0.167189
48.649550 0.166656
48.682894 0.165077
48.716239 0.162204
48.749583 0.157854
48.782928 0.152020
48.816272 0.144955
48.849617 0.137197
48.882961 0.129529
48.916305 0.122875
48.949650 0.118145
48.982994 0.116067
49.016339 0.117044
49.049683 0.121070
49.083028 0.127719
49.116372 0.136221
49.149717 0.145601
49.183061 0.154852
49.216405 0.163105
49.249750 0.169756
49.283094 0.174527
49.316439 0.177446
49.349783 0.178760
49.383128 0.178809
49.416472 0.177890
49.449817 0.176155
49.483161 0.173567
49.516506 0.169932
49.549850 0.164980
49.583194 0.158503
49.616539 0.150477
49.649883 0.141164
49.683228 0.131132
49.716572 0.121211
49.749917 0.112364
49.783261 0.105512
49.816606 0.101357
49.849950 0.100229
49.883294 0.102010
49.916639 0.106145
49.949983 0.111747
49.983328 0.117773
50.016672 0.123233
50.050017 0.127380
50.083361 0.129849
50.116706 0.130711
50.150050 0.130426
50.183394 0.129717
50.216739 0.129390
50.250083 0.130144
50.283428 0.132427
50.316772 0.136347
50.350117 0.141683
50.383461 0.147971
50.416806 0.154648
50.450150 0.161218
50.483494 0.167390
50.516839 0.173154
50.550183 0.178784
50.583528 0.184753
50.616872 0.191592
50.650217 0.199725
50.683561 0.209318
50.716906 0.220185
50.750250 0.231777
50.783595 0.243248
50.816939 0.253600
50.850283 0.261855
50.883628 0.267232
50.916972 0.269279
50.950317 0.267934
50.983661 0.263502
51.017006 0.256563
51.050350 0.247827
51.083695 0.237984
51.117039 0.227574
51.150383 0.216913
51.183728 0.206095
51.217072 0.195051
51.250417 0.183654
51.283761 0.171842
51.317106 0.159709
51.350450 0.147557
51.383795 0.135874
51.417139 0.125258
51.450483 0.116300
51.483828 0.109449
51.517172 0.104913
51.550517 0.102597
51.583861 0.102125
51.617206 0.102914
51.650550 0.104296
51.683895 0.105666
51.717239 0.106601
51.750584 0.106932
51.783928 0.106757
51.817272 0.106383
51.850617 0.106215
51.883961 0.106631
51.917306 0.107868
51.950650 0.109953
51.983995 0.112699
52.017339 0.115766
52.050684 0.118773
52.084028 0.121426
52.117372 0.123634
52.150717 0.125572
52.184061 0.127674
52.217406 0.130553
52.250750 0.134856
52.284095 0.141094
52.317439 0.149490
52.350784 0.159869
52.384128 0.171635
52.417472 0.183841
52.450817 0.195335
52.484161 0.204956
52.517506 0.211747
52.550850 0.215120
52.584195 0.214957
52.617539 0.211612
52.650884 0.205823
52.684228 0.198549
52.717573 0.190777
52.750917 0.183338
52.784261 0.176775
52.817606 0.171283
52.850950 0.166743
52.884295 0.162822
52.917639 0.159117
52.950984 0.155307
52.984328 0.151262
53.017673 0.147093
53.051017 0.143133
53.084361 0.139839
53.117706 0.137666
53.151050 0.136931
53.184395 0.137706
53.217739 0.139774
53.251084 0.142666
53.284428 0.145749
53.317773 0.148378
53.351117 0.150043
53.384461 0.150493
53.417806 0.149802
53.451150 0.148356
53.484495 0.146768
53.517839 0.145732
53.551184 0.145863
53.584528 0.147552
53.617873 0.150866
53.651217 0.155524
53.684562 0.160954
53.717906 0.166407
53.751250 0.171103
53.784595 0.174385
53.817939 0.175829
53.851284 0.175295
53.884628 0.172918
53.917973 0.169026
53.951317 0.164036
53.984662 0.158338
54.018006 0.152201
54.051350 0.145740
54.084695 0.138930
54.118039 0.131676
54.151384 0.123910
54.184728 0.115694
54.218073 0.107280
54.251417 0.099133
54.284762 0.091882
54.318106 0.086220
54.351450 0.082776
54.384795 0.081983
54.418139 0.083976
54.451484 0.088552
54.484828 0.095190
54.518173 0.103143
54.551517 0.111566
54.584862 0.119666
54.618206 0.126821
54.651551 0.132665
54.684895 0.137096
54.718239 0.140233
54.751584 0.142319
54.784928 0.143610
54.818273 0.144276
54.851617 0.144338
54.884962 0.143664
54.918306 0.142026
54.951651 0.139188
54.984995 0.135021
55.018339 0.129589
55.051684 0.123200
55.085028 0.116390
55.118373 0.109844
55.151717 0.104274
55.185062 0.100271
55.218406 0.098181
55.251751 0.098023
55.285095 0.099477
55.318439 0.101952
55.351784 0.104705
55.385128 0.107004
55.418473 0.108282
55.451817 0.108250
55.485162 0.106951
55.518506 0.104729
55.551851 0.102131
55.585195 0.099767
55.618540 0.098151
55.651884 0.097581
55.685228 0.098064
55.718573 0.099327
55.751917 0.100894
55.785262 0.102216
55.818606 0.102825
55.851951 0.102469
55.885295 0.101192
55.918640 0.099350
55.951984 0.097547
55.985328 0.096514
56.018673 0.096955
56.052017 0.099399
56.085362 0.104091
56.118706 0.110943
56.152051 0.119563
56.185395 0.129338
56.218740 0.139559
56.252084 0.149555
56.285428 0.158793
56.318773 0.166941
56.352117 0.173860
56.385462 0.179556
56.418806 0.184086
56.452151 0.187480
56.485495 0.189668
56.518840 0.190474
56.552184 0.189650
56.585529 0.186964
56.618873 0.182306
56.652217 0.175788
56.685562 0.167800
56.718906 0.159012
56.752251 0.150292
56.785595 0.142577
56.818940 0.136700
56.852284 0.133220
56.885629 0.132307
56.918973 0.133678
56.952317 0.136644
56.985662 0.140224
57.019006 0.143337
57.052351 0.145002
57.085695 0.144530
57.119040 0.141647
57.152384 0.136541
57.185729 0.129803
57.219073 0.122297
57.252417 0.114980
57.285762 0.108709
57.319106 0.104086
57.352451 0.101371
57.385795 0.100468
57.419140 0.100997
57.452484 0.102418
57.485829 0.104176
57.519173 0.105835
57.552518 0.107161
57.585862 0.108143
57.619206 0.108953
57.652551 0.109851
57.685895 0.111073
57.719240 0.112733
57.752584 0.114760
57.785929 0.116897
57.819273 0.118755
57.852618 0.119909
57.885962 0.120015
57.919306 0.118905
57.952651 0.116647
57.985995 0.113542
58.019340 0.110060
58.052684 0.106736
58.086029 0.104043
58.119373 0.102283
58.152718 0.101514
58.186062 0.101551
58.219406 0.102014
58.252751 0.102438
58.286095 0.102405
58.319440 0.101657
58.352784 0.100178
58.386129 0.098206
58.419473 0.096182
58.452818 0.094637
58.486162 0.094053
58.519507 0.094732
58.552851 0.096693
58.586195 0.099650
58.619540 0.103048
58.652884 0.106174
58.686229 0.108310
58.719573 0.108890
58.752918 0.107624
58.786262 0.104574
58.819607 0.100137
58.852951 0.094975
58.886295 0.089874
58.919640 0.085589
58.952984 0.082707
58.986329 0.081550
59.019673 0.082141
59.053018 0.084247
59.086362 0.087469
59.119707 0.091362
59.153051 0.095548
59.186395 0.099794
59.219740 0.104035
59.253084 0.108339
59.286429 0.112827
59.319773 0.117571
59.353118 0.122500
59.386462 0.127350
59.419807 0.131669
59.453151 0.134885
59.486495 0.136419
59.519840 0.135822
59.553184 0.132894
59.586529 0.127761
59.619873 0.120884
59.653218 0.112993
59.686562 0.104964
59.719907 0.097652
59.753251 0.091743
59.786596 0.087633
59.819940 0.085376
59.853284 0.084718
59.886629 0.085187
59.919973 0.086244
59.953318 0.087432
59.986662 0.088502
60.020007 0.089474
60.053351 0.090627
60.086696 0.092414
60.120040 0.095321
60.153384 0.099719
60.186729 0.105732
60.220073 0.113166
60.253418 0.121518
60.286762 0.130055
60.320107 0.137967
60.353451 0.144532
60.386796 0.149275
60.420140 0.152066
60.453484 0.153147
60.486829 0.153065
60.520173 0.152536
60.553518 0.152273
60.586862 0.152807
60.620207 0.154357
60.653551 0.156774
60.686896 0.159570
60.720240 0.162027
60.753585 0.163365
60.786929 0.162915
60.820273 0.160274
60.853618 0.155390
60.886962 0.148571
60.920307 0.140411
60.953651 0.131654
60.986996 0.123038
61.020340 0.115147
61.053685 0.108318
61.087029 0.102613
61.120373 0.097877
61.153718 0.093837
61.187062 0.090240
61.220407 0.086971
61.253751 0.084134
61.287096 0.082054
61.320440 0.081212
61.353785 0.082122
61.387129 0.085187
61.420473 0.090559
61.453818 0.098058
61.487162 0.107164
61.520507 0.117092
61.553851 0.126936
61.587196 0.135848
61.620540 0.143210
61.653885 0.148768
61.687229 0.152671
61.720574 0.155430
61.753918 0.157789
61.787262 0.160533
61.820607 0.164299
61.853951 0.169405
61.887296 0.175758
61.920640 0.182861
61.953985 0.189902
61.987329 0.195931
62.020674 0.200056
62.054018 0.201634
62.087362 0.200405
62.120707 0.196536
62.154051 0.190576
62.187396 0.183329
62.220740 0.175670
62.254085 0.168366
62.287429 0.161928
62.320774 0.156532
62.354118 0.152031
62.387462 0.148040
62.420807 0.144081
62.454151 0.139742
62.487496 0.134814
62.520840 0.129366
62.554185 0.123752
62.587529 0.118528
62.620874 0.114329
62.654218 0.111705
62.687563 0.110991
62.720907 0.112212
62.754251 0.115066
62.787596 0.118980
62.820940 0.123227
62.854285 0.127070
62.887629 0.129908
62.920974 0.131373
62.954318 0.131377
62.987663 0.130079
63.021007 0.127807
63.054351 0.124940
63.087696 0.121788
63.121040 0.118509
63.154385 0.115078
63.187729 0.111309
63.221074 0.106942
63.254418 0.101744
63.287763 0.095618
63.321107 0.088678
63.354451 0.081267
63.387796 0.073920
63.421140 0.067266
63.454485 0.061904
63.487829 0.058287
63.521174 0.056623
63.554518 0.056844
63.587863 0.058631
63.621207 0.061500
63.654552 0.064924
63.687896 0.068456
63.721240 0.071831
63.754585 0.075005
63.787929 0.078147
63.821274 0.081555
63.854618 0.085548
63.887963 0.090344
63.921307 0.095963
63.954652 0.102187
63.987996 0.108578
64.021340 0.114566
64.054685 0.119572
64.088029 0.123141
64.121374 0.125055
64.154718 0.125387
64.188063 0.124491
64.221407 0.122916
64.254752 0.121275
64.288096 0.120098
64.321440 0.119695
64.354785 0.120085
64.388129 0.120985
64.421474 0.121889
64.454818 0.122190
64.488163 0.121349
64.521507 0.119037
64.554852 0.115237
64.588196 0.110271
64.621541 0.104744
64.654885 0.099414
64.688229 0.095028
64.721574 0.092146
64.754918 0.091022
64.788263 0.091534
64.821607 0.093223
64.854952 0.095395
64.888296 0.097289
64.921641 0.098256
64.954985 0.097912
64.988329 0.096233
65.021674 0.093557
65.055018 0.090508
65.088363 0.087847
65.121707 0.086293
65.155052 0.086356
65.188396 0.088216
65.221741 0.091678
65.255085 0.096219
65.288429 0.101099
65.321774 0.105525
65.355118 0.108814
65.388463 0.110530
65.421807 0.110555
65.455152 0.109083
65.488496 0.106542
65.521841 0.103474
65.555185 0.100392
65.588530 0.097662
65.621874 0.095435
65.655218 0.093646
65.688563 0.092066
65.721907 0.090411
65.755252 0.088454
65.788596 0.086118
65.821941 0.083530
65.855285 0.080998
65.888630 0.078946
65.921974 0.077793
65.955318 0.077830
65.988663 0.079124
66.022007 0.081464
66.055352 0.084388
66.088696 0.087265
66.122041 0.089440
66.155385 0.090377
66.188730 0.089800
66.222074 0.087765
66.255418 0.084669
66.288763 0.081174
66.322107 0.078073
66.355452 0.076126
66.388796 0.075902
66.422141 0.077663
66.455485 0.081325
66.488830 0.086487
66.522174 0.092542
66.555519 0.098817
66.588863 0.104728
66.622207 0.109901
66.655552 0.114227
66.688896 0.117854
66.722241 0.121102
66.755585 0.124339
66.788930 0.127843
66.822274 0.131695
66.855619 0.135722
66.888963 0.139516
66.922307 0.142520
66.955652 0.144161
66.988996 0.144002
67.022341 0.141859
67.055685 0.137877
67.089030 0.132515
67.122374 0.126468
67.155719 0.120524
67.189063 0.115396
67.222407 0.111572
67.255752 0.109213
67.289096 0.108125
67.322441 0.107820
67.355785 0.107634
67.389130 0.106895
67.422474 0.105082
67.455819 0.101953
67.489163 0.097599
67.522508 0.092419
67.555852 0.087029
67.589196 0.082106
67.622541 0.078236
67.655885 0.075777
67.689230 0.074777
67.722574 0.074976
67.755919 0.075870
67.789263 0.076836
67.822608 0.077280
67.855952 0.076766
67.889296 0.075106
67.922641 0.072385
67.955985 0.068916
67.989330 0.065145
68.022674 0.061529
68.056019 0.058422
68.089363 0.055996
68.122708 0.054224
68.156052 0.052914
68.189396 0.051805
68.222741 0.050669
68.256085 0.049418
68.289430 0.048165
68.322774 0.047225
68.356119 0.047059
68.389463 0.048165
68.422808 0.050948
68.456152 0.055592
68.489496 0.061983
68.522841 0.069693
68.556185 0.078031
68.589530 0.086163
68.622874 0.093263
68.656219 0.098665
68.689563 0.101981
68.722908 0.103165
68.756252 0.102489
68.789597 0.100462
68.822941 0.097699
68.856285 0.094771
68.889630 0.092084
68.922974 0.089800
68.956319 0.087833
68.989663 0.085911
69.023008 0.083680
69.056352 0.080837
69.089697 0.077246
69.123041 0.073002
69.156385 0.068439
69.189730 0.064069
69.223074 0.060468
69.256419 0.058139
69.289763 0.057388
69.323108 0.058241
69.356452 0.060426
69.389797 0.063421
69.423141 0.066568
69.456485 0.069215
69.489830 0.070854
69.523174 0.071233
69.556519 0.070399
69.589863 0.068679
69.623208 0.066597
69.656552 0.064750
69.689897 0.063676
69.723241 0.063742
69.756586 0.065086
69.789930 0.067618
69.823274 0.071073
69.856619 0.075110
69.889963 0.079414
69.923308 0.083786
69.956652 0.088180
69.989997 0.092691
70.023341 0.097487
70.056686 0.102710
70.090030 0.108372
70.123374 0.114281
70.156719 0.120010
70.190063 0.124946
70.223408 0.128381
70.256752 0.129660
70.290097 0.128324
70.323441 0.124234
70.356786 0.117630
70.390130 0.109119
70.423474 0.099581
70.456819 0.090023
70.490163 0.081400
70.523508 0.074450
70.556852 0.069577
70.590197 0.066808
70.623541 0.065835
70.656886 0.066116
70.690230 0.067030
70.723575 0.068034
70.756919 0.068788
70.790263 0.069217
70.823608 0.069508
70.856952 0.070026
70.890297 0.071195
70.923641 0.073353
70.956986 0.076645
70.990330 0.080951
71.023675 0.085899
71.057019 0.090933
71.090363 0.095438
71.123708 0.098882
71.157052 0.100932
71.190397 0.101540
71.223741 0.100940
71.257086 0.099594
71.290430 0.098075
71.323775 0.096930
71.357119 0.096546
71.390463 0.097069
71.423808 0.098376
71.457152 0.100118
71.490497 0.101824
71.523841 0.103030
71.557186 0.103401
71.590530 0.102827
71.623875 0.101446
71.657219 0.099615
71.690564 0.097807
71.723908 0.096491
71.757252 0.096000
71.790597 0.096435
71.823941 0.097635
71.857286 0.099204
71.890630 0.100604
71.923975 0.101290
71.957319 0.100841
71.990664 0.099072
72.024008 0.096082
72.057352 0.092234
72.090697 0.088074
72.124041 0.084194
72.157386 0.081099
72.190730 0.079080
72.224075 0.078153
72.257419 0.078062
72.290764 0.078356
72.324108 0.078510
72.357452 0.078072
72.390797 0.076792
72.424141 0.074696
72.457486 0.072096
72.490830 0.069520
72.524175 0.067588
72.557519 0.066858
72.590864 0.067679
72.624208 0.070097
72.657553 0.073819
72.690897 0.078268
72.724241 0.082701
72.757586 0.086363
72.790930 0.088654
72.824275 0.089252
72.857619 0.088175
72.890964 0.085769
72.924308 0.082612
72.957653 0.079375
72.990997 0.076665
73.024341 0.074886
73.057686 0.074158
73.091030 0.074305
73.124375 0.074916
73.157719 0.075466
73.191064 0.075455
73.224408 0.074539
73.257753 0.072622
73.291097 0.069872
73.324441 0.066679
73.357786 0.063552
73.391130 0.060987
73.424475 0.059342
73.457819 0.058750
73.491164 0.059089
73.524508 0.060023
73.557853 0.061090
73.591197 0.061834
73.624542 0.061921
73.657886 0.061234
73.691230 0.059900
73.724575 0.058256
73.757919 0.056763
73.791264 0.055879
73.824608 0.055932
73.857953 0.057031
73.891297 0.059024
73.924642 0.061531
73.957986 0.064034
73.991330 0.066003
74.024675 0.067035
74.058019 0.066955
74.091364 0.065867
74.124708 0.064134
74.158053 0.062292
74.191397 0.060918
74.224742 0.060485
74.258086 0.061239
74.291430 0.063131
74.324775 0.065822
74.358119 0.068758
74.391464 0.071295
74.424808 0.072860
74.458153 0.073081
74.491497 0.071887
74.524842 0.069524
74.558186 0.066503
74.591531 0.063479
74.624875 0.061106
74.658219 0.059882
74.691564 0.060038
74.724908 0.061493
74.758253 0.063877
74.791597 0.066628
74.824942 0.069130
74.858286 0.070856
74.891631 0.071494
74.924975 0.071007
74.958319 0.069634
74.991664 0.067816
75.025008 0.066082
75.058353 0.064912
75.091697 0.064626
75.125042 0.065311
75.158386 0.066817
75.191731 0.068812
75.225075 0.070885
75.258419 0.072665
75.291764 0.073925
75.325108 0.074648
75.358453 0.075021
75.391797 0.075384
75.425142 0.076118
75.458486 0.077524
75.491831 0.079717
75.525175 0.082561
75.558520 0.085672
75.591864 0.088487
75.625208 0.090381
75.658553 0.090817
75.691897 0.089473
75.725242 0.086338
75.758586 0.081731
75.791931 0.076249
75.825275 0.070652
75.858620 0.065709
75.891964 0.062046
75.925308 0.060022
75.958653 0.059670
75.991997 0.060715
76.025342 0.062652
76.058686 0.064878
76.092031 0.066841
76.125375 0.068154
76.158720 0.068675
76.192064 0.068511
76.225408 0.067955
76.258753 0.067383
76.292097 0.067126
76.325442 0.067360
76.358786 0.068042
76.392131 0.068909
76.425475 0.069538
76.458820 0.069459
76.492164 0.068279
76.525509 0.065800
76.558853 0.062089
76.592197 0.057482
76.625542 0.052526
76.658886 0.047861
76.692231 0.044083
76.725575 0.041610
76.758920 0.040597
76.792264 0.040909
76.825609 0.042166
76.858953 0.043846
76.892297 0.045426
76.925642 0.046510
76.958986 0.046936
76.992331 0.046804
77.025675 0.046449
77.059020 0.046338
77.092364 0.046941
77.125709 0.048582
77.159053 0.051342
77.192397 0.055003
77.225742 0.059083
77.259086 0.062929
77.292431 0.065862
77.325775 0.067333
77.359120 0.067049
77.392464 0.065055
77.425809 0.061716
77.459153 0.057649
77.492497 0.053577
77.525842 0.050169
77.559186 0.047895
77.592531 0.046924
77.625875 0.047108
77.659220 0.048031
77.692564 0.049133
77.725909 0.049865
77.759253 0.049837
77.792598 0.048930
77.825942 0.047334
77.859286 0.045509
77.892631 0.044077
77.925975 0.043668
77.959320 0.044761
77.992664 0.047557
78.026009 0.051918
78.059353 0.057379
78.092698 0.063243
78.126042 0.068723
78.159386 0.073108
78.192731 0.075904
78.226075 0.076929
78.259420 0.076327
78.292764 0.074515
78.326109 0.072068
78.359453 0.069574
78.392798 0.067501
78.426142 0.066103
78.459486 0.065388
78.492831 0.065156
78.526175 0.065094
78.559520 0.064894
78.592864 0.064372
78.626209 0.063548
78.659553 0.062661
78.692898 0.062129
78.726242 0.062441
78.759587 0.064028
78.792931 0.067131
78.826275 0.071715
78.859620 0.077435
78.892964 0.083684
78.926309 0.089693
78.959653 0.094685
78.992998 0.098016
79.026342 0.099303
79.059687 0.098485
79.093031 0.095810
79.126375 0.091765
79.159720 0.086945
79.193064 0.081915
79.226409 0.077091
79.259753 0.072662
79.293098 0.068587
79.326442 0.064649
79.359787 0.060562
79.393131 0.056092
79.426475 0.051167
79.459820 0.045935
79.493164 0.040766
79.526509 0.036181
79.559853 0.032737
79.593198 0.030889
79.626542 0.030866
79.659887 0.032597
79.693231 0.035700
79.726576 0.039545
79.759920 0.043382
79.793264 0.046488
79.826609 0.048322
79.859953 0.048631
79.893298 0.047497
79.926642 0.045302
79.959987 0.042634
79.993331 0.040141
80.026676 0.038383
80.060020 0.037714
80.093364 0.038212
80.126709 0.039685
80.160053 0.041744
80.193398 0.043920
80.226742 0.045792
80.260087 0.047109
80.293431 0.047840
80.326776 0.048183
80.360120 0.048491
80.393464 0.049164
80.426809 0.050517
80.460153 0.052671
80.493498 0.055489
80.526842 0.058585
80.560187 0.061394
80.593531 0.063298
80.626876 0.063768
80.660220 0.062500
80.693565 0.059499
80.726909 0.055087
80.760253 0.049848
80.793598 0.044509
80.826942 0.039777
80.860287 0.036198
80.893631 0.034037
80.926976 0.033242
80.960320 0.033466
80.993665 0.034172
81.027009 0.034775
81.060353 0.034788
81.093698 0.033948
81.127042 0.032276
81.160387 0.030072
81.193731 0.027832
81.227076 0.026125
81.260420 0.025444
81.293765 0.026084
81.327109 0.028067
81.360453 0.031137
81.393798 0.034822
81.427142 0.038548
81.460487 0.041781
81.493831 0.044149
81.527176 0.045526
81.560520 0.046049
81.593865 0.046069
81.627209 0.046047
81.660554 0.046418
81.693898 0.047474
81.727242 0.049271
81.760587 0.051609
81.793931 0.054075
81.827276 0.056138
81.860620 0.057288
81.893965 0.057161
81.927309 0.055634
81.960654 0.052864
81.993998 0.049254
82.027342 0.045360
82.060687 0.041761
82.094031 0.038930
82.127376 0.037120
82.160720 0.036324
82.194065 0.036284
82.227409 0.036577
82.260754 0.036736
82.294098 0.036378
82.327442 0.035315
82.360787 0.033611
82.394131 0.031564
82.427476 0.029640
82.460820 0.028346
82.494165 0.028095
82.527509 0.029095
82.560854 0.031282
82.594198 0.034323
82.627543 0.037690
82.660887 0.040779
82.694231 0.043061
82.727576 0.044204
82.760920 0.044161
82.794265 0.043184
82.827609 0.041760
82.860954 0.040498
82.894298 0.039980
82.927643 0.040615
82.960987 0.042540
82.994331 0.045581
83.027676 0.049297
83.061020 0.053078
83.094365 0.056294
83.127709 0.058441
83.161054 0.059256
83.194398 0.058772
83.227743 0.057302
83.261087 0.055347
83.294431 0.053471
83.327776 0.052148
83.361120 0.051649
83.394465 0.051975
83.427809 0.052866
83.461154 0.053877
83.494498 0.054504
83.527843 0.054331
83.561187 0.053153
83.594532 0.051049
83.627876 0.048380
83.661220 0.045717
83.694565 0.043707
83.727909 0.042921
83.761254 0.043708
83.794598 0.046098
83.827943 0.049786
83.861287 0.054185
83.894632 0.058553
83.927976 0.062156
83.961320 0.064428
83.994665 0.065094
84.028009 0.064225
84.061354 0.062212
84.094698 0.059669
84.128043 0.057277
84.161387 0.055632
84.194732 0.055102
84.228076 0.055753
84.261420 0.057347
84.294765 0.059411
84.328109 0.061366
84.361454 0.062676
84.394798 0.062978
84.428143 0.062175
84.461487 0.060446
84.494832 0.058199
84.528176 0.055958
84.561521 0.054223
84.594865 0.053346
84.628209 0.053438
84.661554 0.054344
84.694898 0.055686
84.728243 0.056962
84.761587 0.057678
84.794932 0.057479
84.828276 0.056234
84.861621 0.054081
84.894965 0.051382
84.928309 0.048634
84.961654 0.046345
84.994998 0.044897
85.028343 0.044453
85.061687 0.044912
85.095032 0.045934
85.128376 0.047031
85.161721 0.047690
85.195065 0.047503
85.228409 0.046284
85.261754 0.044110
85.295098 0.041316
85.328443 0.038411
85.361787 0.035955
85.395132 0.034427
85.428476 0.034099
85.461821 0.034979
85.495165 0.036804
85.528510 0.039112
85.561854 0.041353
85.595198 0.043028
85.628543 0.043813
85.661887 0.043635
85.695232 0.042686
85.728576 0.041367
85.761921 0.040184
85.795265 0.039611
85.828610 0.039968
85.861954 0.041326
85.895298 0.043494
85.928643 0.046053
85.961987 0.048461
85.995332 0.050188
86.028676 0.050842
86.062021 0.050267
86.095365 0.048584
86.128710 0.046156
86.162054 0.043500
86.195398 0.041156
86.228743 0.039558
86.262087 0.038933
86.295432 0.039246
86.328776 0.040228
86.362121 0.041452
86.395465 0.042460
86.428810 0.042890
86.462154 0.042583
86.495498 0.041633
86.528843 0.040372
86.562187 0.039288
86.595532 0.038894
86.628876 0.039594
86.662221 0.041562
86.695565 0.044678
86.728910 0.048541
86.762254 0.052544
86.795599 0.056015
86.828943 0.058366
86.862287 0.059239
86.895632 0.058591
86.928976 0.056709
86.962321 0.054148
86.995665 0.051597
87.029010 0.049722
87.062354 0.048999
87.095699 0.049605
87.129043 0.051364
87.162387 0.053795
87.195732 0.056214
87.229076 0.057897
87.262421 0.058251
87.295765 0.056947
87.329110 0.054001
87.362454 0.049769
87.395799 0.044863
87.429143 0.040012
87.462487 0.035897
87.495832 0.033008
87.529176 0.031543
87.562521 0.031387
87.595865 0.032162
87.629210 0.033341
87.662554 0.034391
87.695899 0.034910
87.729243 0.034729
87.762588 0.033941
87.795932 0.032867
87.829276 0.031955
87.862621 0.031654
87.895965 0.032278
87.929310 0.033914
87.962654 0.036385
87.995999 0.039283
88.029343 0.042066
88.062688 0.044189
88.096032 0.045240
88.129376 0.045047
88.162721 0.043720
88.196065 0.041631
88.229410 0.039326
88.262754 0.037392
88.296099 0.036315
88.329443 0.036364
88.362788 0.037524
88.396132 0.039505
88.429476 0.041814
88.462821 0.043880
88.496165 0.045193
88.529510 0.045431
88.562854 0.044535
88.596199 0.042724
88.629543 0.040433
88.662888 0.038203
88.696232 0.036542
88.729577 0.035800
88.762921 0.036083
88.796265 0.037224
88.829610 0.038834
88.862954 0.040396
88.896299 0.041403
88.929643 0.041480
88.962988 0.040478
88.996332 0.038512
89.029677 0.035921
89.063021 0.033182
89.096365 0.030782
89.129710 0.029092
89.163054 0.028268
89.196399 0.028213
89.229743 0.028602
89.263088 0.028968
89.296432 0.028833
89.329777 0.027835
89.363121 0.025837
89.396465 0.022977
89.429810 0.019653
89.463154 0.016440
89.496499 0.013963
89.529843 0.012756
89.563188 0.013137
89.596532 0.015139
89.629877 0.018500
89.663221 0.022732
89.696566 0.027229
89.729910 0.031409
89.763254 0.034839
89.796599 0.037318
89.829943 0.038901
89.863288 0.039856
89.896632 0.040565
89.929977 0.041401
89.963321 0.042609
89.996666 0.044226
90.030010 0.046058
90.063354 0.047726
90.096699 0.048761
90.130043 0.048733
90.163388 0.047377
90.196732 0.044678
90.230077 0.040901
90.263421 0.036549
90.296766 0.032265
90.330110 0.028687
90.363454 0.026315
90.396799 0.025394
90.430143 0.025865
90.463488 0.027386
90.496832 0.029418
90.530177 0.031356
90.563521 0.032679
90.596866 0.033066
90.630210 0.032471
90.663555 0.031126
90.696899 0.029464
90.730243 0.028007
90.763588 0.027225
90.796932 0.027405
90.830277 0.028580
90.863621 0.030512
90.896966 0.032754
90.930310 0.034762
90.963655 0.036035
90.996999 0.036251
91.030343 0.035348
91.063688 0.033559
91.097032 0.031353
91.130377 0.029336
91.163721 0.028101
91.197066 0.028092
91.230410 0.029496
91.263755 0.032203
91.297099 0.035831
91.330443 0.039822
91.363788 0.043582
91.397132 0.046617
91.430477 0.048649
91.463821 0.049674
91.497166 0.049946
91.530510 0.049893
91.563855 0.049993
91.597199 0.050632
91.630544 0.051986
91.663888 0.053962
91.697232 0.056203
91.730577 0.058170
91.763921 0.059271
91.797266 0.059014
91.830610 0.057135
91.863955 0.053687
91.897299 0.049038
91.930644 0.043809
91.963988 0.038746
91.997332 0.034556
92.030677 0.031755
92.064021 0.030564
92.097366 0.030869
92.130710 0.032258
92.164055 0.034135
92.197399 0.035864
92.230744 0.036929
92.264088 0.037053
92.297432 0.036258
92.330777 0.034845
92.364121 0.033311
92.397466 0.032208
92.430810 0.031998
92.464155 0.032922
92.497499 0.034934
92.530844 0.037700
92.564188 0.040675
92.597533 0.043227
92.630877 0.044789
92.664221 0.044991
92.697566 0.043747
92.730910 0.041272
92.764255 0.038021
92.797599 0.034582
92.830944 0.031532
92.864288 0.029297
92.897633 0.028060
92.930977 0.027731
92.964321 0.027981
92.997666 0.028344
93.031010 0.028351
93.064355 0.027656
93.097699 0.026141
93.131044 0.023951
93.164388 0.021467
93.197733 0.019207
93.231077 0.017706
93.264421 0.017371
93.297766 0.018381
93.331110 0.020635
93.364455 0.023765
93.397799 0.027227
93.431144 0.030418
93.464488 0.032824
93.497833 0.034127
93.531177 0.034280
93.564522 0.033499
93.597866 0.032206
93.631210 0.030907
93.664555 0.030065
93.697899 0.029982
93.731244 0.030726
93.764588 0.032121
93.797933 0.033803
93.831277 0.035321
93.864622 0.036268
93.897966 0.036391
93.931310 0.035670
93.964655 0.034326
93.997999 0.032772
94.031344 0.031507
94.064688 0.030985
94.098033 0.031493
94.131377 0.033070
94.164722 0.035480
94.198066 0.038263
94.231410 0.040839
94.264755 0.042639
94.298099 0.043250
94.331444 0.042506
94.364788 0.040534
94.398133 0.037720
94.431477 0.034620
94.464822 0.031820
94.498166 0.029796
94.531511 0.028804
94.564855 0.028819
94.598199 0.029548
94.631544 0.030512
94.664888 0.031170
94.698233 0.031066
94.731577 0.029942
94.764922 0.027816
94.798266 0.024983
94.831611 0.021941
94.864955 0.019280
94.898299 0.017534
94.931644 0.017052
94.964988 0.017919
94.998333 0.019934
95.031677 0.022664
95.065022 0.025557
95.098366 0.028077
95.131711 0.029839
95.165055 0.030703
95.198399 0.030802
95.231744 0.030502
95.265088 0.030301
95.298433 0.030693
95.331777 0.032033
95.365122 0.034432
95.398466 0.037722
95.431811 0.041483
95.465155 0.045140
95.498499 0.048103
95.531844 0.049907
95.565188 0.050331
95.598533 0.049453
95.631877 0.047637
95.665222 0.045446
95.698566 0.043509
95.731911 0.042367
95.765255 0.042352
95.798600 0.043499
95.831944 0.045549
95.865288 0.048013
95.898633 0.050294
95.931977 0.051832
95.965322 0.052247
95.998666 0.051421
96.032011 0.049524
96.065355 0.046965
96.098700 0.044281
96.132044 0.041994
96.165388 0.040480
96.198733 0.039865
96.232077 0.039997
96.265422 0.040487
96.298766 0.040808
96.332111 0.040442
96.365455 0.039020
96.398800 0.036431
96.432144 0.032869
96.465488 0.028803
96.498833 0.024880
96.532177 0.021781
96.565522 0.020064
96.598866 0.020034
96.632211 0.021671
96.665555 0.024634
96.698900 0.028331
96.732244 0.032059
96.765589 0.035152
96.798933 0.037125
96.832277 0.037765
96.865622 0.037162
96.898966 0.035654
96.932311 0.033728
96.965655 0.031883
96.999000 0.030497
97.032344 0.029736
97.065689 0.029520
97.099033 0.029561
97.132377 0.029458
97.165722 0.028815
97.199066 0.027374
97.232411 0.025099
97.265755 0.022206
97.299100 0.019128
97.332444 0.016418
97.365789 0.014617
97.399133 0.014121
97.432477 0.015078
97.465822 0.017347
97.499166 0.020522
97.532511 0.024025
97.565855 0.027240
97.599200 0.029657
97.632544 0.030986
97.665889 0.031222
97.699233 0.030635
97.732578 0.029695
97.765922 0.028946
97.799266 0.028857
97.832611 0.029704
97.865955 0.031490
97.899300 0.033940
97.932644 0.036566
97.965989 0.038785
97.999333 0.040065
98.032678 0.040061
98.066022 0.038703
98.099366 0.036218
98.132711 0.033084
98.166055 0.029915
98.199400 0.027319
98.232744 0.025755
98.266089 0.025429
98.299433 0.026248
98.332778 0.027851
98.366122 0.029704
98.399466 0.031233
98.432811 0.031970
98.466155 0.031664
98.499500 0.030341
98.532844 0.028292
98.566189 0.025994
98.599533 0.023991
98.632878 0.022753
98.666222 0.022562
98.699567 0.023448
98.732911 0.025185
98.766255 0.027363
98.799600 0.029496
98.832944 0.031158
98.866289 0.032097
98.899633 0.032300
98.932978 0.032001
98.966322 0.031618
98.999667 0.031633
99.033011 0.032466
99.066355 0.034340
99.099700 0.037213
99.133044 0.040760
99.166389 0.044430
99.199733 0.047567
99.233078 0.049554
99.266422 0.049954
99.299767 0.048612
99.333111 0.045694
99.366455 0.041651
99.399800 0.037116
99.433144 0.032769
99.466489 0.029184
99.499833 0.026717
99.533178 0.025443
99.566522 0.025169
99.599867 0.025510
99.633211 0.026008
99.666556 0.026265
99.699900 0.026059
99.733244 0.025399
99.766589 0.024520
99.799933 0.023814
99.833278 0.023710
99.866622 0.024545
99.899967 0.026449
99.933311 0.029284
99.966656 0.032654
100.000000 0.035975
