0.000000 0.000000
0.033344 -0.000012
0.066689 -0.000046
0.100033 -0.000101
0.133378 -0.000175
0.166722 -0.000262
0.200067 -0.000356
0.233411 -0.000450
0.266756 -0.000535
0.300100 -0.000602
0.333444 -0.000646
0.366789 -0.000665
0.400133 -0.000658
0.433478 -0.000633
0.466822 -0.000599
0.500167 -0.000567
0.533511 -0.000545
0.566856 -0.000541
0.600200 -0.000558
0.633545 -0.000591
0.666889 -0.000632
0.700233 -0.000671
0.733578 -0.000697
0.766922 -0.000703
0.800267 -0.000684
0.833611 -0.000647
0.866956 -0.000599
0.900300 -0.000557
0.933645 -0.000534
0.966989 -0.000542
1.000333 -0.000585
1.033678 -0.000661
1.067022 -0.000758
1.100367 -0.000857
1.133711 -0.000937
1.167056 -0.000981
1.200400 -0.000977
1.233745 -0.000926
1.267089 -0.000838
1.300433 -0.000733
1.333778 -0.000637
1.367122 -0.000573
1.400467 -0.000560
1.433811 -0.000602
1.467156 -0.000692
1.500500 -0.000809
1.533845 -0.000925
1.567189 -0.001011
1.600534 -0.001043
1.633878 -0.001012
1.667222 -0.000925
1.700567 -0.000803
1.733911 -0.000679
1.767256 -0.000591
1.800600 -0.000569
1.833945 -0.000631
1.867289 -0.000774
1.900634 -0.000977
1.933978 -0.001201
1.967322 -0.001401
2.000667 -0.001534
2.034011 -0.001574
2.067356 -0.001514
2.100700 -0.001375
2.134045 -0.001195
2.167389 -0.001029
2.200734 -0.000928
2.234078 -0.000932
2.267422 -0.001054
2.300767 -0.001282
2.334111 -0.001573
2.367456 -0.001869
2.400800 -0.002105
2.434145 -0.002231
2.467489 -0.002221
2.500834 -0.002082
2.534178 -0.001855
2.567523 -0.001604
2.600867 -0.001402
2.634211 -0.001312
2.667556 -0.001370
2.700900 -0.001571
2.734245 -0.001873
2.767589 -0.002201
2.800934 -0.002465
2.834278 -0.002581
2.867623 -0.002497
2.900967 -0.002202
2.934311 -0.001738
2.967656 -0.001189
3.001000 -0.000665
3.034345 -0.000275
3.067689 -0.000103
3.101034 -0.000185
3.134378 -0.000498
3.167723 -0.000964
3.201067 -0.001470
3.234411 -0.001891
3.267756 -0.002121
3.301100 -0.002106
3.334445 -0.001853
3.367789 -0.001432
3.401134 -0.000964
3.434478 -0.000585
3.467823 -0.000418
3.501167 -0.000535
3.534512 -0.000937
3.567856 -0.001551
3.601200 -0.002242
3.634545 -0.002847
3.667889 -0.003211
3.701234 -0.003232
3.734578 -0.002884
3.767923 -0.002234
3.801267 -0.001425
3.834612 -0.000645
3.867956 -0.000085
3.901300 0.000112
3.934645 -0.000113
3.967989 -0.000718
4.001334 -0.001565
4.034678 -0.002452
4.068023 -0.003166
4.101367 -0.003530
4.134712 -0.003457
4.168056 -0.002975
4.201400 -0.002220
4.234745 -0.001411
4.268089 -0.000794
4.301434 -0.000579
4.334778 -0.000884
4.368123 -0.001696
4.401467 -0.002871
4.434812 -0.004160
4.468156 -0.005266
4.501501 -0.005924
4.534845 -0.005963
4.568189 -0.005358
4.601534 -0.004245
4.634878 -0.002893
4.668223 -0.001641
4.701567 -0.000818
4.734912 -0.000656
4.768256 -0.001226
4.801601 -0.002412
4.834945 -0.003933
4.868289 -0.005410
4.901634 -0.006454
4.934978 -0.006774
4.968323 -0.006254
5.001667 -0.004998
5.035012 -0.003309
5.068356 -0.001628
5.101701 -0.000426
5.135045 -0.000080
5.168389 -0.000771
5.201734 -0.002427
5.235078 -0.004724
5.268423 -0.007155
5.301767 -0.009153
5.335112 -0.010235
5.368456 -0.010133
5.401801 -0.008875
5.435145 -0.006802
5.468489 -0.004489
5.501834 -0.002617
5.535178 -0.001794
5.568523 -0.002393
5.601867 -0.004435
5.635212 -0.007565
5.668556 -0.011118
5.701901 -0.014276
5.735245 -0.016279
5.768590 -0.016634
5.801934 -0.015268
5.835278 -0.012579
5.868623 -0.009368
5.901967 -0.006651
5.935312 -0.005404
5.968656 -0.006289
6.002001 -0.009448
6.035345 -0.014414
6.068690 -0.020167
6.102034 -0.025343
6.135378 -0.028508
6.168723 -0.028441
6.202067 -0.024287
6.235412 -0.015507
6.268756 -0.001556
6.302101 0.018688
6.335445 0.047669
6.368790 0.089921
6.402134 0.152636
6.435478 0.245836
6.468823 0.381976
6.502167 0.574867
6.535512 0.837964
6.568856 1.182170
6.602201 1.613436
6.635545 2.130543
6.668890 2.723451
6.702234 3.372597
6.735579 4.049375
6.768923 4.717900
6.802267 5.337949
6.835612 5.868747
6.868956 6.273166
6.902301 6.521757
6.935645 6.596070
6.968990 6.490771
7.002334 6.214267
7.035679 5.787721
7.069023 5.242617
7.102367 4.617213
7.135712 3.952395
7.169056 3.287502
7.202401 2.656675
7.235745 2.086171
7.269090 1.592925
7.302434 1.184407
7.335779 0.859655
7.369123 0.611179
7.402467 0.427337
7.435812 0.294768
7.469156 0.200516
7.502501 0.133561
7.535845 0.085658
7.569190 0.051486
7.602534 0.028242
7.635879 0.014897
7.669223 0.011343
7.702568 0.017629
7.735912 0.033443
7.769256 0.057879
7.802601 0.089469
7.835945 0.126407
7.869290 0.166829
7.902634 0.209056
7.935979 0.251717
7.969323 0.293716
8.002668 0.334091
8.036012 0.371799
8.069356 0.405543
8.102701 0.433694
8.136045 0.454366
8.169390 0.465637
8.202734 0.465891
8.236079 0.454175
8.269423 0.430514
8.302768 0.396068
8.336112 0.353097
8.369456 0.304725
8.402801 0.254530
8.436145 0.206049
8.469490 0.162298
8.502834 0.125400
8.536179 0.096394
8.569523 0.075273
8.602868 0.061220
8.636212 0.052991
8.669557 0.049366
8.702901 0.049547
8.736245 0.053455
8.769590 0.061824
8.802934 0.076125
8.836279 0.098310
8.869623 0.130459
8.902968 0.174399
8.936312 0.231372
8.969657 0.301814
9.003001 0.385266
9.036345 0.480418
9.069690 0.585250
9.103034 0.697219
9.136379 0.813441
9.169723 0.930832
9.203068 1.046185
9.236412 1.156196
9.269757 1.257471
9.303101 1.346550
9.336445 1.419986
9.369790 1.474511
9.403134 1.507282
9.436479 1.516171
9.469823 1.500079
9.503168 1.459179
9.536512 1.395065
9.569857 1.310748
9.603201 1.210499
9.636546 1.099555
9.669890 0.983733
9.703234 0.869015
9.736579 0.761163
9.769923 0.665422
9.803268 0.586330
9.836612 0.527640
9.869957 0.492320
9.903301 0.482584
9.936646 0.499918
9.969990 0.545044
10.003334 0.617820
10.036679 0.717085
10.070023 0.840490
10.103368 0.984376
10.136712 1.143753
10.170057 1.312445
10.203401 1.483409
10.236746 1.649226
10.270090 1.802714
10.303434 1.937581
10.336779 2.049028
10.370123 2.134210
10.403468 2.192483
10.436812 2.225395
10.470157 2.236430
10.503501 2.230529
10.536846 2.213481
10.570190 2.191242
10.603535 2.169291
10.636879 2.152090
10.670223 2.142693
10.703568 2.142529
10.736912 2.151369
10.770257 2.167440
10.803601 2.187668
10.836946 2.208009
10.870290 2.223857
10.903635 2.230473
10.936979 2.223451
10.970323 2.199157
11.003668 2.155146
11.037012 2.090488
11.070357 2.005983
11.103701 1.904200
11.137046 1.789333
11.170390 1.666849
11.203735 1.542958
11.237079 1.423960
11.270423 1.315557
11.303768 1.222234
11.337112 1.146799
11.370457 1.090176
11.403801 1.051484
11.437146 1.028387
11.470490 1.017650
11.503835 1.015805
11.537179 1.019778
11.570524 1.027364
11.603868 1.037455
11.637212 1.049959
11.670557 1.065463
11.703901 1.084690
11.737246 1.107906
11.770590 1.134411
11.803935 1.162250
11.837279 1.188242
11.870624 1.208344
11.903968 1.218295
11.937312 1.214437
11.970657 1.194521
12.004001 1.158354
12.037346 1.108121
12.070690 1.048305
12.104035 0.985184
12.137379 0.926006
12.170724 0.877969
12.204068 0.847204
12.237412 0.837952
12.270757 0.852091
12.304101 0.889082
12.337446 0.946353
12.370790 1.020007
12.404135 1.105708
12.437479 1.199552
12.470824 1.298741
12.504168 1.401913
12.537513 1.509076
12.570857 1.621176
12.604201 1.739385
12.637546 1.864299
12.670890 1.995212
12.704235 2.129649
12.737579 2.263248
12.770924 2.390057
12.804268 2.503167
12.837613 2.595585
12.870957 2.661171
12.904301 2.695467
12.937646 2.696276
12.970990 2.663899
13.004335 2.601008
13.037679 2.512217
13.071024 2.403441
13.104368 2.281201
13.137713 2.151989
13.171057 2.021794
13.204401 1.895841
13.237746 1.778528
13.271090 1.673493
13.304435 1.583738
13.337779 1.511713
13.371124 1.459289
13.404468 1.427617
13.437813 1.416893
13.471157 1.426113
13.504502 1.452915
13.537846 1.493617
13.571190 1.543505
13.604535 1.597404
13.637879 1.650466
13.671224 1.699071
13.704568 1.741674
13.737913 1.779446
13.771257 1.816525
13.804602 1.859808
13.837946 1.918245
13.871290 2.001703
13.904635 2.119542
13.937979 2.279107
13.971324 2.484354
14.004668 2.734836
14.038013 3.025183
14.071357 3.345194
14.104702 3.680517
14.138046 4.013838
14.171390 4.326431
14.204735 4.599871
14.238079 4.817706
14.271424 4.966919
14.304768 5.039023
14.338113 5.030725
14.371457 4.944120
14.404802 4.786447
14.438146 4.569462
14.471490 4.308514
14.504835 4.021408
14.538179 3.727133
14.571524 3.444551
14.604868 3.191103
14.638213 2.981608
14.671557 2.827231
14.704902 2.734698
14.738246 2.705810
14.771591 2.737345
14.804935 2.821364
14.838279 2.945929
14.871624 3.096206
14.904968 3.255841
14.938313 3.408498
14.971657 3.539385
15.005002 3.636614
15.038346 3.692211
15.071691 3.702690
15.105035 3.669098
15.138379 3.596556
15.171724 3.493358
15.205068 3.369760
15.238413 3.236613
15.271757 3.104043
15.305102 2.980322
15.338446 2.871067
15.371791 2.778853
15.405135 2.703247
15.438479 2.641223
15.471824 2.587883
15.505168 2.537344
15.538513 2.483683
15.571857 2.421794
15.605202 2.348071
15.638546 2.260843
15.671891 2.160522
15.705235 2.049486
15.738580 1.931724
15.771924 1.812302
15.805268 1.696733
15.838613 1.590329
15.871957 1.497611
15.905302 1.421840
15.938646 1.364725
15.971991 1.326331
16.005335 1.305198
16.038680 1.298643
16.072024 1.303224
16.105368 1.315284
16.138713 1.331514
16.172057 1.349462
16.205402 1.367908
16.238746 1.387056
16.272091 1.408498
16.305435 1.434966
16.338780 1.469886
16.372124 1.516796
16.405468 1.578706
16.438813 1.657501
16.472157 1.753448
16.505502 1.864904
16.538846 1.988251
16.572191 2.118080
16.605535 2.247594
16.638880 2.369190
16.672224 2.475145
16.705569 2.558329
16.738913 2.612871
16.772257 2.634720
16.805602 2.622051
16.838946 2.575497
16.872291 2.498201
16.905635 2.395693
16.938980 2.275614
16.972324 2.147290
17.005669 2.021195
17.039013 1.908291
17.072357 1.819295
17.105702 1.763884
17.139046 1.749883
17.172391 1.782519
17.205735 1.863781
17.239080 1.992005
17.272424 2.161748
17.305769 2.364016
17.339113 2.586881
17.372457 2.816468
17.405802 3.038230
17.439146 3.238410
17.472491 3.405501
17.505835 3.531534
17.539180 3.613000
17.572524 3.651276
17.605869 3.652447
17.639213 3.626533
17.672558 3.586200
17.705902 3.545097
17.739246 3.516074
17.772591 3.509496
17.805935 3.531932
17.839280 3.585381
17.872624 3.667190
17.905969 3.770650
17.939313 3.886202
17.972658 4.003061
18.006002 4.111001
18.039346 4.202032
18.072691 4.271690
18.106035 4.319731
18.139380 4.350117
18.172724 4.370293
18.206069 4.389842
18.239413 4.418758
18.272758 4.465579
18.306102 4.535701
18.339446 4.630131
18.372791 4.744886
18.406135 4.871159
18.439480 4.996217
18.472824 5.104933
18.506169 5.181718
18.539513 5.212581
18.572858 5.187019
18.606202 5.099480
18.639547 4.950195
18.672891 4.745269
18.706235 4.496060
18.739580 4.217922
18.772924 3.928538
18.806269 3.646044
18.839613 3.387229
18.872958 3.166009
18.906302 2.992355
18.939647 2.871755
18.972991 2.805220
19.006335 2.789752
19.039680 2.819163
19.073024 2.885058
19.106369 2.977856
19.139713 3.087687
19.173058 3.205084
19.206402 3.321437
19.239747 3.429218
19.273091 3.522035
19.306435 3.594584
19.339780 3.642599
19.373124 3.662844
19.406469 3.653202
19.439813 3.612839
19.473158 3.542425
19.506502 3.444344
19.539847 3.322808
19.573191 3.183827
19.606536 3.034955
19.639880 2.884834
19.673224 2.742525
19.706569 2.616707
19.739913 2.514818
19.773258 2.442270
19.806602 2.401812
19.839947 2.393166
19.873291 2.412973
19.906636 2.455087
19.939980 2.511185
19.973324 2.571631
20.006669 2.626499
20.040013 2.666628
20.073358 2.684591
20.106702 2.675455
20.140047 2.637249
20.173391 2.571075
20.206736 2.480875
20.240080 2.372860
20.273424 2.254700
20.306769 2.134567
20.340113 2.020160
20.373458 1.917836
20.406802 1.831954
20.440147 1.764506
20.473491 1.715084
20.506836 1.681170
20.540180 1.658694
20.573525 1.642783
20.606869 1.628577
20.640213 1.611998
20.673558 1.590355
20.706902 1.562710
20.740247 1.529944
20.773591 1.494532
20.806936 1.460066
20.840280 1.430612
20.873625 1.409993
20.906969 1.401135
20.940313 1.405555
20.973658 1.423076
21.007002 1.451820
21.040347 1.488444
21.073691 1.528609
21.107036 1.567569
21.140380 1.600815
21.173725 1.624658
21.207069 1.636678
21.240413 1.635974
21.273758 1.623216
21.307102 1.600485
21.340447 1.570965
21.373791 1.538545
21.407136 1.507385
21.440480 1.481526
21.473825 1.464569
21.507169 1.459460
21.540514 1.468360
21.573858 1.492592
21.607202 1.532627
21.640547 1.588095
21.673891 1.657773
21.707236 1.739571
21.740580 1.830526
21.773925 1.926813
21.807269 2.023824
21.840614 2.116346
21.873958 2.198837
21.907302 2.265810
21.940647 2.312301
21.973991 2.334358
22.007336 2.329493
22.040680 2.297035
22.074025 2.238324
22.107369 2.156692
22.140714 2.057255
22.174058 1.946503
22.207402 1.831766
22.240747 1.720620
22.274091 1.620304
22.307436 1.537228
22.340780 1.476626
22.374125 1.442365
22.407469 1.436912
22.440814 1.461420
22.474158 1.515876
22.507503 1.599245
22.540847 1.709578
22.574191 1.844027
22.607536 1.998788
22.640880 2.168992
22.674225 2.348601
22.707569 2.530376
22.740914 2.705983
22.774258 2.866281
22.807603 3.001823
22.840947 3.103518
22.874291 3.163433
22.907636 3.175599
22.940980 3.136741
22.974325 3.046800
23.007669 2.909170
23.041014 2.730576
23.074358 2.520604
23.107703 2.290907
23.141047 2.054183
23.174391 1.823047
23.207736 1.608930
23.241080 1.421130
23.274425 1.266134
23.307769 1.147276
23.341114 1.064747
23.374458 1.015950
23.407803 0.996112
23.441147 0.999087
23.474491 1.018216
23.507836 1.047160
23.541180 1.080593
23.574525 1.114705
23.607869 1.147472
23.641214 1.178668
23.674558 1.209668
23.707903 1.243051
23.741247 1.282075
23.774592 1.330076
23.807936 1.389871
23.841280 1.463202
23.874625 1.550308
23.907969 1.649654
23.941314 1.757859
23.974658 1.869844
24.008003 1.979199
24.041347 2.078742
24.074692 2.161217
24.108036 2.220065
24.141380 2.250184
24.174725 2.248566
24.208069 2.214737
24.241414 2.150925
24.274758 2.061913
24.308103 1.954592
24.341447 1.837250
24.374792 1.718681
24.408136 1.607245
24.441480 1.509992
24.474825 1.431975
24.508169 1.375840
24.541514 1.341754
24.574858 1.327650
24.608203 1.329762
24.641547 1.343327
24.674892 1.363363
24.708236 1.385375
24.741581 1.405898
24.774925 1.422805
24.808269 1.435350
24.841614 1.443966
24.874958 1.449898
24.908303 1.454741
24.941647 1.460001
24.974992 1.466744
25.008336 1.475405
25.041681 1.485766
25.075025 1.497088
25.108369 1.508339
25.141714 1.518454
25.175058 1.526558
25.208403 1.532088
25.241747 1.534804
25.275092 1.534682
25.308436 1.531737
25.341781 1.525831
25.375125 1.516524
25.408469 1.503032
25.441814 1.484317
25.475158 1.459301
25.508503 1.427181
25.541847 1.387762
25.575192 1.341760
25.608536 1.290971
25.641881 1.238274
25.675225 1.187444
25.708570 1.142769
25.741914 1.108554
25.775258 1.088557
25.808603 1.085465
25.841947 1.100496
25.875292 1.133166
25.908636 1.181292
25.941981 1.241194
25.975325 1.308080
26.008670 1.376538
26.042014 1.441080
26.075358 1.496645
26.108703 1.539017
26.142047 1.565120
26.175392 1.573174
26.208736 1.562726
26.242081 1.534578
26.275425 1.490651
26.308770 1.433804
26.342114 1.367627
26.375458 1.296236
26.408803 1.224041
26.442147 1.155515
26.475492 1.094930
26.508836 1.046099
26.542181 1.012109
26.575525 0.995088
26.608870 0.996036
26.642214 1.014744
26.675559 1.049819
26.708903 1.098830
26.742247 1.158552
26.775592 1.225273
26.808936 1.295133
26.842281 1.364425
26.875625 1.429835
26.908970 1.488580
26.942314 1.538452
26.975659 1.577770
27.009003 1.605290
27.042347 1.620120
27.075692 1.621669
27.109036 1.609680
27.142381 1.584340
27.175725 1.546452
27.209070 1.497631
27.242414 1.440453
27.275759 1.378510
27.309103 1.316305
27.342447 1.258981
27.375792 1.211879
27.409136 1.179985
27.442481 1.167331
27.475825 1.176448
27.509170 1.207967
27.542514 1.260444
27.575859 1.330439
27.609203 1.412870
27.642548 1.501577
27.675892 1.590022
27.709236 1.672024
27.742581 1.742408
27.775925 1.797483
27.809270 1.835283
27.842614 1.855541
27.875959 1.859433
27.909303 1.849146
27.942648 1.827353
27.975992 1.796701
28.009336 1.759391
28.042681 1.716919
28.076025 1.670005
28.109370 1.618699
28.142714 1.562623
28.176059 1.501298
28.209403 1.434461
28.242748 1.362327
28.276092 1.285733
28.309436 1.206143
28.342781 1.125528
28.376125 1.046143
28.409470 0.970241
28.442814 0.899804
28.476159 0.836312
28.509503 0.780609
28.542848 0.732879
28.576192 0.692726
28.609537 0.659341
28.642881 0.631724
28.676225 0.608910
28.709570 0.590170
28.742914 0.575143
28.776259 0.563890
28.809603 0.556858
28.842948 0.554757
28.876292 0.558392
28.909637 0.568455
28.942981 0.585328
28.976325 0.608913
29.009670 0.638530
29.043014 0.672883
29.076359 0.710118
29.109703 0.747947
29.143048 0.783841
29.176392 0.815265
29.209737 0.839911
29.243081 0.855928
29.276425 0.862099
29.309770 0.857942
29.343114 0.843750
29.376459 0.820527
29.409803 0.789863
29.443148 0.753750
29.476492 0.714360
29.509837 0.673833
29.543181 0.634082
29.576526 0.596651
29.609870 0.562635
29.643214 0.532672
29.676559 0.506992
29.709903 0.485516
29.743248 0.467986
29.776592 0.454088
29.809937 0.443569
29.843281 0.436315
29.876626 0.432384
29.909970 0.431999
29.943314 0.435503
29.976659 0.443283
30.010003 0.455682
30.043348 0.472901
30.076692 0.494927
30.110037 0.521459
30.143381 0.551878
30.176726 0.585233
30.210070 0.620269
30.243414 0.655473
30.276759 0.689166
30.310103 0.719615
30.343448 0.745168
30.376792 0.764401
30.410137 0.776270
30.443481 0.780235
30.476826 0.776355
30.510170 0.765326
30.543515 0.748448
30.576859 0.727521
30.610203 0.704680
30.643548 0.682162
30.676892 0.662070
30.710237 0.646122
30.743581 0.635460
30.776926 0.630515
30.810270 0.630973
30.843615 0.635830
30.876959 0.643539
30.910303 0.652217
30.943648 0.659896
30.976992 0.664756
31.010337 0.665328
31.043681 0.660641
31.077026 0.650275
31.110370 0.634360
31.143715 0.613495
31.177059 0.588638
31.210403 0.560975
31.243748 0.531799
31.277092 0.502407
31.310437 0.474039
31.343781 0.447830
31.377126 0.424791
31.410470 0.405797
31.443815 0.391562
31.477159 0.382613
31.510504 0.379251
31.543848 0.381514
31.577192 0.389146
31.610537 0.401608
31.643881 0.418106
31.677226 0.437673
31.710570 0.459271
31.743915 0.481916
31.777259 0.504786
31.810604 0.527304
31.843948 0.549163
31.877292 0.570292
31.910637 0.590769
31.943981 0.610682
31.977326 0.629990
32.010670 0.648388
32.044015 0.665240
32.077359 0.679566
32.110704 0.690131
32.144048 0.695588
32.177392 0.694689
32.210737 0.686502
32.244081 0.670607
32.277426 0.647231
32.310770 0.617294
32.344115 0.582355
32.377459 0.544474
32.410804 0.505989
32.444148 0.469275
32.477492 0.436490
32.510837 0.409374
32.544181 0.389104
32.577526 0.376238
32.610870 0.370735
32.644215 0.372037
32.677559 0.379204
32.710904 0.391052
32.744248 0.406305
32.777593 0.423698
32.810937 0.442073
32.844281 0.460423
32.877626 0.477920
32.910970 0.493925
32.944315 0.507983
32.977659 0.519826
33.011004 0.529368
33.044348 0.536699
33.077693 0.542068
33.111037 0.545857
33.144381 0.548537
33.177726 0.550607
33.211070 0.552540
33.244415 0.554717
33.277759 0.557393
33.311104 0.560671
33.344448 0.564522
33.377793 0.568811
33.411137 0.573353
33.444481 0.577965
33.477826 0.582502
33.511170 0.586880
33.544515 0.591057
33.577859 0.594996
33.611204 0.598609
33.644548 0.601699
33.677893 0.603926
33.711237 0.604805
33.744582 0.603739
33.777926 0.600109
33.811270 0.593372
33.844615 0.583185
33.877959 0.569500
33.911304 0.552623
33.944648 0.533217
33.977993 0.512240
34.011337 0.490829
34.044682 0.470144
34.078026 0.451211
34.111370 0.434774
34.144715 0.421207
34.178059 0.410480
34.211404 0.402201
34.244748 0.395710
34.278093 0.390214
34.311437 0.384934
34.344782 0.379230
34.378126 0.372690
34.411470 0.365160
34.444815 0.356732
34.478159 0.347675
34.511504 0.338356
34.544848 0.329158
34.578193 0.320416
34.611537 0.312391
34.644882 0.305272
34.678226 0.299219
34.711571 0.294407
34.744915 0.291073
34.778259 0.289537
34.811604 0.290191
34.844948 0.293456
34.878293 0.299707
34.911637 0.309197
34.944982 0.321981
34.978326 0.337877
35.011671 0.356461
35.045015 0.377108
35.078359 0.399069
35.111704 0.421568
35.145048 0.443903
35.178393 0.465512
35.211737 0.486019
35.245082 0.505226
35.278426 0.523063
35.311771 0.539521
35.345115 0.554567
35.378459 0.568087
35.411804 0.579850
35.445148 0.589523
35.478493 0.596727
35.511837 0.601123
35.545182 0.602503
35.578526 0.600883
35.611871 0.596551
35.645215 0.590068
35.678560 0.582225
35.711904 0.573947
35.745248 0.566170
35.778593 0.559714
35.811937 0.555171
35.845282 0.552833
35.878626 0.552664
35.911971 0.554332
35.945315 0.557277
35.978660 0.560804
36.012004 0.564199
36.045348 0.566812
36.078693 0.568138
36.112037 0.567847
36.145382 0.565793
36.178726 0.561993
36.212071 0.556587
36.245415 0.549801
36.278760 0.541903
36.312104 0.533175
36.345448 0.523890
36.378793 0.514296
36.412137 0.504595
36.445482 0.494927
36.478826 0.485350
36.512171 0.475817
36.545515 0.466162
36.578860 0.456108
36.612204 0.445289
36.645549 0.433303
36.678893 0.419784
36.712237 0.404489
36.745582 0.387376
36.778926 0.368668
36.812271 0.348876
36.845615 0.328771
36.878960 0.309319
36.912304 0.291558
36.945649 0.276466
36.978993 0.264821
37.012337 0.257086
37.045682 0.253340
37.079026 0.253274
37.112371 0.256242
37.145715 0.261366
37.179060 0.267677
37.212404 0.274255
37.245749 0.280355
37.279093 0.285490
37.312437 0.289455
37.345782 0.292301
37.379126 0.294259
37.412471 0.295639
37.445815 0.296728
37.479160 0.297704
37.512504 0.298590
37.545849 0.299255
37.579193 0.299452
37.612538 0.298893
37.645882 0.297334
37.679226 0.294653
37.712571 0.290901
37.745915 0.286320
37.779260 0.281320
37.812604 0.276420
37.845949 0.272172
37.879293 0.269072
37.912638 0.267490
37.945982 0.267618
37.979326 0.269451
38.012671 0.272796
38.046015 0.277311
38.079360 0.282558
38.112704 0.288060
38.146049 0.293354
38.179393 0.298032
38.212738 0.301770
38.246082 0.304333
38.279426 0.305584
38.312771 0.305467
38.346115 0.304005
38.379460 0.301285
38.412804 0.297449
38.446149 0.292682
38.479493 0.287200
38.512838 0.281238
38.546182 0.275031
38.579527 0.268809
38.612871 0.262781
38.646215 0.257138
38.679560 0.252060
38.712904 0.247732
38.746249 0.244357
38.779593 0.242177
38.812938 0.241467
38.846282 0.242529
38.879627 0.245652
38.912971 0.251065
38.946315 0.258875
38.979660 0.269012
39.013004 0.281183
39.046349 0.294868
39.079693 0.309343
39.113038 0.323751
39.146382 0.337201
39.179727 0.348888
39.213071 0.358206
39.246415 0.364838
39.279760 0.368795
39.313104 0.370404
39.346449 0.370234
39.379793 0.368976
39.413138 0.367295
39.446482 0.365688
39.479827 0.364377
39.513171 0.363247
39.546516 0.361866
39.579860 0.359570
39.613204 0.355606
39.646549 0.349306
39.679893 0.340264
39.713238 0.328474
39.746582 0.314407
39.779927 0.299014
39.813271 0.283639
39.846616 0.269869
39.879960 0.259331
39.913304 0.253477
39.946649 0.253386
39.979993 0.259613
40.013338 0.272102
40.046682 0.290178
40.080027 0.312611
40.113371 0.337738
40.146716 0.363626
40.180060 0.388250
40.213404 0.409674
40.246749 0.426200
40.280093 0.436498
40.313438 0.439687
40.346782 0.435386
40.380127 0.423719
40.413471 0.405294
40.446816 0.381148
40.480160 0.352664
40.513505 0.321463
40.546849 0.289283
40.580193 0.257843
40.613538 0.228713
40.646882 0.203193
40.680227 0.182219
40.713571 0.166314
40.746916 0.155578
40.780260 0.149731
40.813605 0.148190
40.846949 0.150185
40.880293 0.154876
40.913638 0.161468
40.946982 0.169299
40.980327 0.177887
41.013671 0.186940
41.047016 0.196324
41.080360 0.206004
41.113705 0.215976
41.147049 0.226207
41.180393 0.236587
41.213738 0.246918
41.247082 0.256934
41.280427 0.266339
41.313771 0.274860
41.347116 0.282307
41.380460 0.288606
41.413805 0.293816
41.447149 0.298120
41.480493 0.301787
41.513838 0.305128
41.547182 0.308436
41.580527 0.311947
41.613871 0.315806
41.647216 0.320057
41.680560 0.324651
41.713905 0.329464
41.747249 0.334319
41.780594 0.339006
41.813938 0.343288
41.847282 0.346907
41.880627 0.349578
41.913971 0.350986
41.947316 0.350795
41.980660 0.348674
42.014005 0.344334
42.047349 0.337587
42.080694 0.328397
42.114038 0.316935
42.147382 0.303598
42.180727 0.289000
42.214071 0.273922
42.247416 0.259237
42.280760 0.245793
42.314105 0.234313
42.347449 0.225296
42.380794 0.218957
42.414138 0.215210
42.447482 0.213712
42.480827 0.213932
42.514171 0.215263
42.547516 0.217131
42.580860 0.219090
42.614205 0.220884
42.647549 0.222465
42.680894 0.223957
42.714238 0.225599
42.747583 0.227654
42.780927 0.230333
42.814271 0.233731
42.847616 0.237803
42.880960 0.242376
42.914305 0.247192
42.947649 0.251976
42.980994 0.256498
43.014338 0.260624
43.047683 0.264333
43.081027 0.267702
43.114371 0.270859
43.147716 0.273914
43.181060 0.276889
43.214405 0.279674
43.247749 0.282000
43.281094 0.283461
43.314438 0.283571
43.347783 0.281844
43.381127 0.277888
43.414471 0.271478
43.447816 0.262613
43.481160 0.251522
43.514505 0.238641
43.547849 0.224546
43.581194 0.209870
43.614538 0.195224
43.647883 0.181126
43.681227 0.167962
43.714572 0.155979
43.747916 0.145308
43.781260 0.136001
43.814605 0.128073
43.847949 0.121539
43.881294 0.116426
43.914638 0.112756
43.947983 0.110527
43.981327 0.109667
44.014672 0.110003
44.048016 0.111255
44.081360 0.113041
44.114705 0.114928
44.148049 0.116490
44.181394 0.117388
44.214738 0.117426
44.248083 0.116592
44.281427 0.115060
44.314772 0.113152
44.348116 0.111269
44.381460 0.109799
44.414805 0.109039
44.448149 0.109129
44.481494 0.110030
44.514838 0.111540
44.548183 0.113358
44.581527 0.115169
44.614872 0.116735
44.648216 0.117967
44.681561 0.118966
44.714905 0.120009
44.748249 0.121498
44.781594 0.123859
44.814938 0.127445
44.848283 0.132437
44.881627 0.138781
44.914972 0.146177
44.948316 0.154121
44.981661 0.161992
45.015005 0.169168
45.048349 0.175146
45.081694 0.179635
45.115038 0.182606
45.148383 0.184287
45.181727 0.185104
45.215072 0.185577
45.248416 0.186206
45.281761 0.187360
45.315105 0.189195
45.348449 0.191629
45.381794 0.194366
45.415138 0.196962
45.448483 0.198924
45.481827 0.199816
45.515172 0.199347
45.548516 0.197419
45.581861 0.194134
45.615205 0.189764
45.648550 0.184683
45.681894 0.179290
45.715238 0.173945
45.748583 0.168921
45.781927 0.164397
45.815272 0.160478
45.848616 0.157242
45.881961 0.154791
45.915305 0.153295
45.948650 0.152998
45.981994 0.154209
46.015338 0.157241
46.048683 0.162342
46.082027 0.169617
46.115372 0.178959
46.148716 0.190023
46.182061 0.202237
46.215405 0.214851
46.248750 0.227031
46.282094 0.237965
46.315438 0.246961
46.348783 0.253529
46.382127 0.257417
46.415472 0.258613
46.448816 0.257297
46.482161 0.253769
46.515505 0.248376
46.548850 0.241434
46.582194 0.233192
46.615539 0.223813
46.648883 0.213403
46.682227 0.202047
46.715572 0.189871
46.748916 0.177076
46.782261 0.163970
46.815605 0.150954
46.848950 0.138490
46.882294 0.127043
46.915639 0.117018
46.948983 0.108704
46.982327 0.102242
47.015672 0.097619
47.049016 0.094695
47.082361 0.093254
47.115705 0.093057
47.149050 0.093898
47.182394 0.095640
47.215739 0.098219
47.249083 0.101626
47.282427 0.105869
47.315772 0.110921
47.349116 0.116679
47.382461 0.122937
47.415805 0.129392
47.449150 0.135674
47.482494 0.141401
47.515839 0.146242
47.549183 0.149972
47.582528 0.152517
47.615872 0.153966
47.649216 0.154545
47.682561 0.154582
47.715905 0.154441
47.749250 0.154467
47.782594 0.154940
47.815939 0.156050
47.849283 0.157902
47.882628 0.160541
47.915972 0.163983
47.949316 0.168247
47.982661 0.173373
48.016005 0.179415
48.049350 0.186406
48.082694 0.194311
48.116039 0.202971
48.149383 0.212064
48.182728 0.221089
48.216072 0.229387
48.249416 0.236210
48.282761 0.240811
48.316105 0.242555
48.349450 0.241025
48.382794 0.236099
48.416139 0.227982
48.449483 0.217189
48.482828 0.204473
48.516172 0.190714
48.549517 0.176803
48.582861 0.163518
48.616205 0.151441
48.649550 0.140914
48.682894 0.132048
48.716239 0.124772
48.749583 0.118919
48.782928 0.114312
48.816272 0.110843
48.849617 0.108520
48.882961 0.107478
48.916305 0.107948
48.949650 0.110203
48.982994 0.114488
49.016339 0.120957
49.049683 0.129629
49.083028 0.140370
49.116372 0.152907
49.149717 0.166863
49.183061 0.181803
49.216405 0.197273
49.249750 0.212828
49.283094 0.228037
49.316439 0.242475
49.349783 0.255699
49.383128 0.267236
49.416472 0.276579
49.449817 0.283216
49.483161 0.286681
49.516506 0.286633
49.549850 0.282929
49.583194 0.275699
49.616539 0.265373
49.649883 0.252670
49.683228 0.238532
49.716572 0.224015
49.749917 0.210144
49.783261 0.197768
49.816606 0.187445
49.849950 0.179365
49.883294 0.173343
49.916639 0.168876
49.949983 0.165257
49.983328 0.161724
50.016672 0.157604
50.050017 0.152444
50.083361 0.146083
50.116706 0.138661
50.150050 0.130575
50.183394 0.122375
50.216739 0.114648
50.250083 0.107899
50.283428 0.102458
50.316772 0.098445
50.350117 0.095780
50.383461 0.094237
50.416806 0.093533
50.450150 0.093414
50.483494 0.093735
50.516839 0.094488
50.550183 0.095799
50.583528 0.097875
50.616872 0.100928
50.650217 0.105093
50.683561 0.110357
50.716906 0.116528
50.750250 0.123242
50.783595 0.130017
50.816939 0.136336
50.850283 0.141743
50.883628 0.145933
50.916972 0.148805
50.950317 0.150480
50.983661 0.151270
51.017006 0.151608
51.050350 0.151960
51.083695 0.152730
51.117039 0.154185
51.150383 0.156408
51.183728 0.159301
51.217072 0.162612
51.250417 0.166000
51.283761 0.169104
51.317106 0.171611
51.350450 0.173304
51.383795 0.174082
51.417139 0.173958
51.450483 0.173032
51.483828 0.171453
51.517172 0.169388
51.550517 0.167001
51.583861 0.164442
51.617206 0.161856
51.650550 0.159396
51.683895 0.157238
51.717239 0.155577
51.750584 0.154618
51.783928 0.154538
51.817272 0.155447
51.850617 0.157344
51.883961 0.160093
51.917306 0.163413
51.950650 0.166908
51.983995 0.170126
52.017339 0.172632
52.050684 0.174094
52.084028 0.174358
52.117372 0.173486
52.150717 0.171757
52.184061 0.169630
52.217406 0.167659
52.250750 0.166388
52.284095 0.166251
52.317439 0.167483
52.350784 0.170070
52.384128 0.173750
52.417472 0.178059
52.450817 0.182413
52.484161 0.186211
52.517506 0.188940
52.550850 0.190253
52.584195 0.190020
52.617539 0.188325
52.650884 0.185441
52.684228 0.181763
52.717573 0.177740
52.750917 0.173807
52.784261 0.170335
52.817606 0.167605
52.850950 0.165805
52.884295 0.165045
52.917639 0.165371
52.950984 0.166780
52.984328 0.169216
53.017673 0.172558
53.051017 0.176596
53.084361 0.181012
53.117706 0.185371
53.151050 0.189147
53.184395 0.191768
53.217739 0.192702
53.251084 0.191546
53.284428 0.188121
53.317773 0.182546
53.351117 0.175262
53.384461 0.167012
53.417806 0.158757
53.451150 0.151552
53.484495 0.146400
53.517839 0.144095
53.551184 0.145109
53.584528 0.149518
53.617873 0.156996
53.651217 0.166871
53.684562 0.178235
53.717906 0.190079
53.751250 0.201432
53.784595 0.211477
53.817939 0.219628
53.851284 0.225554
53.884628 0.229156
53.917973 0.230517
53.951317 0.229828
53.984662 0.227334
54.018006 0.223284
54.051350 0.217929
54.084695 0.211529
54.118039 0.204386
54.151384 0.196875
54.184728 0.189451
54.218073 0.182627
54.251417 0.176929
54.284762 0.172808
54.318106 0.170554
54.351450 0.170212
54.384795 0.171543
54.418139 0.174014
54.451484 0.176866
54.484828 0.179215
54.518173 0.180189
54.551517 0.179078
54.584862 0.175447
54.618206 0.169220
54.651551 0.160680
54.684895 0.150421
54.718239 0.139235
54.751584 0.127971
54.784928 0.117391
54.818273 0.108050
54.851617 0.100232
54.884962 0.093938
54.918306 0.088940
54.951651 0.084871
54.984995 0.081346
55.018339 0.078061
55.051684 0.074873
55.085028 0.071830
55.118373 0.069147
55.151717 0.067145
55.185062 0.066165
55.218406 0.066476
55.251751 0.068209
55.285095 0.071322
55.318439 0.075609
55.351784 0.080747
55.385128 0.086360
55.418473 0.092102
55.451817 0.097708
55.485162 0.103031
55.518506 0.108041
55.551851 0.112788
55.585195 0.117357
55.618540 0.121805
55.651884 0.126125
55.685228 0.130227
55.718573 0.133953
55.751917 0.137116
55.785262 0.139556
55.818606 0.141192
55.851951 0.142059
55.885295 0.142311
55.918640 0.142196
55.951984 0.141995
55.985328 0.141952
56.018673 0.142206
56.052017 0.142739
56.085362 0.143362
56.118706 0.143748
56.152051 0.143492
56.185395 0.142198
56.218740 0.139573
56.252084 0.135502
56.285428 0.130080
56.318773 0.123614
56.352117 0.116567
56.385462 0.109480
56.418806 0.102873
56.452151 0.097156
56.485495 0.092571
56.518840 0.089169
56.552184 0.086837
56.585529 0.085350
56.618873 0.084454
56.652217 0.083943
56.685562 0.083710
56.718906 0.083767
56.752251 0.084229
56.785595 0.085254
56.818940 0.086973
56.852284 0.089418
56.885629 0.092470
56.918973 0.095843
56.952317 0.099119
56.985662 0.101813
57.019006 0.103461
57.052351 0.103722
57.085695 0.102449
57.119040 0.099730
57.152384 0.095877
57.185729 0.091372
57.219073 0.086777
57.252417 0.082632
57.285762 0.079360
57.319106 0.077200
57.352451 0.076182
57.385795 0.076156
57.419140 0.076844
57.452484 0.077930
57.485829 0.079137
57.519173 0.080294
57.552518 0.081359
57.585862 0.082413
57.619206 0.083608
57.652551 0.085103
57.685895 0.086994
57.719240 0.089264
57.752584 0.091762
57.785929 0.094226
57.819273 0.096336
57.852618 0.097792
57.885962 0.098392
57.919306 0.098094
57.952651 0.097039
57.985995 0.095537
58.019340 0.094012
58.052684 0.092915
58.086029 0.092629
58.119373 0.093388
58.152718 0.095226
58.186062 0.097967
58.219406 0.101257
58.252751 0.104640
58.286095 0.107642
58.319440 0.109862
58.352784 0.111039
58.386129 0.111081
58.419473 0.110068
58.452818 0.108201
58.486162 0.105747
58.519507 0.102968
58.552851 0.100070
58.586195 0.097170
58.619540 0.094305
58.652884 0.091452
58.686229 0.088585
58.719573 0.085714
58.752918 0.082925
58.786262 0.080383
58.819607 0.078317
58.852951 0.076966
58.886295 0.076530
58.919640 0.077106
58.952984 0.078651
58.986329 0.080980
59.019673 0.083790
59.053018 0.086717
59.086362 0.089410
59.119707 0.091610
59.153051 0.093197
59.186395 0.094217
59.219740 0.094862
59.253084 0.095419
59.286429 0.096189
59.319773 0.097412
59.353118 0.099197
59.386462 0.101490
59.419807 0.104080
59.453151 0.106647
59.486495 0.108838
59.519840 0.110353
59.553184 0.111021
59.586529 0.110844
59.619873 0.110001
59.653218 0.108807
59.686562 0.107641
59.719907 0.106852
59.753251 0.106674
59.786596 0.107169
59.819940 0.108205
59.853284 0.109488
59.886629 0.110634
59.919973 0.111256
59.953318 0.111069
59.986662 0.109960
60.020007 0.108028
60.053351 0.105573
60.086696 0.103041
60.120040 0.100936
60.153384 0.099719
60.186729 0.099724
60.220073 0.101097
60.253418 0.103784
60.286762 0.107567
60.320107 0.112132
60.353451 0.117150
60.386796 0.122363
60.420140 0.127639
60.453484 0.132983
60.486829 0.138515
60.520173 0.144402
60.553518 0.150772
60.586862 0.157639
60.620207 0.164838
60.653551 0.172013
60.686896 0.178646
60.720240 0.184136
60.753585 0.187898
60.786929 0.189482
60.820273 0.188658
60.853618 0.185486
60.886962 0.180312
60.920307 0.173731
60.953651 0.166498
60.986996 0.159415
61.020340 0.153219
61.053685 0.148479
61.087029 0.145537
61.120373 0.144488
61.153718 0.145197
61.187062 0.147348
61.220407 0.150513
61.253751 0.154217
61.287096 0.157988
61.320440 0.161393
61.353785 0.164051
61.387129 0.165631
61.420473 0.165849
61.453818 0.164473
61.487162 0.161327
61.520507 0.156328
61.553851 0.149512
61.587196 0.141070
61.620540 0.131363
61.653885 0.120918
61.687229 0.110386
61.720574 0.100478
61.753918 0.091878
61.787262 0.085150
61.820607 0.080659
61.853951 0.078518
61.887296 0.078577
61.920640 0.080457
61.953985 0.083612
61.987329 0.087429
62.020674 0.091319
62.054018 0.094803
62.087362 0.097568
62.120707 0.099484
62.154051 0.100588
62.187396 0.101033
62.220740 0.101033
62.254085 0.100803
62.287429 0.100518
62.320774 0.100291
62.354118 0.100188
62.387462 0.100246
62.420807 0.100512
62.454151 0.101065
62.487496 0.102029
62.520840 0.103560
62.554185 0.105809
62.587529 0.108880
62.620874 0.112778
62.654218 0.117379
62.687563 0.122429
62.720907 0.127561
62.754251 0.132359
62.787596 0.136421
62.820940 0.139439
62.854285 0.141256
62.887629 0.141889
62.920974 0.141520
62.954318 0.140448
62.987663 0.139008
63.021007 0.137490
63.054351 0.136059
63.087696 0.134714
63.121040 0.133283
63.154385 0.131462
63.187729 0.128895
63.221074 0.125262
63.254418 0.120377
63.287763 0.114246
63.321107 0.107095
63.354451 0.099344
63.387796 0.091540
63.421140 0.084262
63.454485 0.078017
63.487829 0.073152
63.521174 0.069806
63.554518 0.067905
63.587863 0.067202
63.621207 0.067354
63.654552 0.068011
63.687896 0.068904
63.721240 0.069895
63.754585 0.071002
63.787929 0.072362
63.821274 0.074178
63.854618 0.076634
63.887963 0.079823
63.921307 0.083698
63.954652 0.088060
63.987996 0.092590
64.021340 0.096916
64.054685 0.100702
64.088029 0.103726
64.121374 0.105945
64.154718 0.107506
64.188063 0.108719
64.221407 0.109983
64.254752 0.111685
64.288096 0.114101
64.321440 0.117315
64.354785 0.121180
64.388129 0.125329
64.421474 0.129245
64.454818 0.132360
64.488163 0.134172
64.521507 0.134352
64.554852 0.132813
64.588196 0.129737
64.621541 0.125535
64.654885 0.120769
64.688229 0.116048
64.721574 0.111915
64.754918 0.108756
64.788263 0.106756
64.821607 0.105891
64.854952 0.105977
64.888296 0.106742
64.921641 0.107913
64.954985 0.109284
64.988329 0.110762
65.021674 0.112369
65.055018 0.114204
65.088363 0.116379
65.121707 0.118948
65.155052 0.121850
65.188396 0.124876
65.221741 0.127687
65.255085 0.129864
65.288429 0.130989
65.321774 0.130737
65.355118 0.128957
65.388463 0.125712
65.421807 0.121285
65.455152 0.116132
65.488496 0.110796
65.521841 0.105806
65.555185 0.101582
65.588530 0.098359
65.621874 0.096163
65.655218 0.094829
65.688563 0.094068
65.721907 0.093555
65.755252 0.093030
65.788596 0.092371
65.821941 0.091642
65.855285 0.091080
65.888630 0.091050
65.921974 0.091957
65.955318 0.094147
65.988663 0.097825
66.022007 0.102990
66.055352 0.109422
66.088696 0.116717
66.122041 0.124347
66.155385 0.131760
66.188730 0.138463
66.222074 0.144098
66.255418 0.148478
66.288763 0.151585
66.322107 0.153532
66.355452 0.154498
66.388796 0.154664
66.422141 0.154152
66.455485 0.152996
66.488830 0.151142
66.522174 0.148483
66.555519 0.144910
66.588863 0.140375
66.622207 0.134935
66.655552 0.128785
66.688896 0.122250
66.722241 0.115749
66.755585 0.109741
66.788930 0.104659
66.822274 0.100850
66.855619 0.098535
66.888963 0.097790
66.922307 0.098560
66.955652 0.100690
66.988996 0.103966
67.022341 0.108157
67.055685 0.113037
67.089030 0.118404
67.122374 0.124067
67.155719 0.129829
67.189063 0.135470
67.222407 0.140734
67.255752 0.145336
67.289096 0.148984
67.322441 0.151421
67.355785 0.152467
67.389130 0.152063
67.422474 0.150286
67.455819 0.147351
67.489163 0.143575
67.522508 0.139318
67.555852 0.134919
67.589196 0.130633
67.622541 0.126581
67.655885 0.122742
67.689230 0.118972
67.722574 0.115056
67.755919 0.110782
67.789263 0.106009
67.822608 0.100729
67.855952 0.095086
67.889296 0.089367
67.922641 0.083946
67.955985 0.079211
67.989330 0.075481
68.022674 0.072932
68.056019 0.071558
68.089363 0.071175
68.122708 0.071460
68.156052 0.072029
68.189396 0.072531
68.222741 0.072725
68.256085 0.072541
68.289430 0.072089
68.322774 0.071630
68.356119 0.071503
68.389463 0.072028
68.422808 0.073416
68.456152 0.075693
68.489496 0.078679
68.522841 0.082002
68.556185 0.085169
68.589530 0.087666
68.622874 0.089065
68.656219 0.089116
68.689563 0.087806
68.722908 0.085360
68.756252 0.082197
68.789597 0.078845
68.822941 0.075826
68.856285 0.073564
68.889630 0.072299
68.922974 0.072064
68.956319 0.072703
68.989663 0.073934
69.023008 0.075442
69.056352 0.076969
69.089697 0.078391
69.123041 0.079750
69.156385 0.081242
69.189730 0.083155
69.223074 0.085783
69.256419 0.089331
69.289763 0.093828
69.323108 0.099091
69.356452 0.104724
69.389797 0.110177
69.423141 0.114838
69.456485 0.118142
69.489830 0.119678
69.523174 0.119257
69.556519 0.116949
69.589863 0.113055
69.623208 0.108046
69.656552 0.102464
69.689897 0.096827
69.723241 0.091542
69.756586 0.086855
69.789930 0.082845
69.823274 0.079453
69.856619 0.076539
69.889963 0.073954
69.923308 0.071600
69.956652 0.069464
69.989997 0.067617
70.023341 0.066194
70.056686 0.065332
70.090030 0.065123
70.123374 0.065565
70.156719 0.066543
70.190063 0.067843
70.223408 0.069201
70.256752 0.070357
70.290097 0.071131
70.323441 0.071471
70.356786 0.071471
70.390130 0.071356
70.423474 0.071431
70.456819 0.072001
70.490163 0.073286
70.523508 0.075358
70.556852 0.078100
70.590197 0.081212
70.623541 0.084266
70.656886 0.086785
70.690230 0.088343
70.723575 0.088657
70.756919 0.087650
70.790263 0.085471
70.823608 0.082470
70.856952 0.079124
70.890297 0.075951
70.923641 0.073407
70.956986 0.071803
70.990330 0.071267
71.023675 0.071732
71.057019 0.072984
71.090363 0.074721
71.123708 0.076642
71.157052 0.078510
71.190397 0.080200
71.223741 0.081706
71.257086 0.083109
71.290430 0.084530
71.323775 0.086057
71.357119 0.087692
71.390463 0.089322
71.423808 0.090717
71.457152 0.091578
71.490497 0.091595
71.523841 0.090527
71.557186 0.088269
71.590530 0.084889
71.623875 0.080629
71.657219 0.075868
71.690564 0.071051
71.723908 0.066599
71.757252 0.062829
71.790597 0.059893
71.823941 0.057763
71.857286 0.056244
71.890630 0.055043
71.923975 0.053841
71.957319 0.052385
71.990664 0.050548
72.024008 0.048362
72.057352 0.046010
72.090697 0.043774
72.124041 0.041965
72.157386 0.040836
72.190730 0.040513
72.224075 0.040958
72.257419 0.041968
72.290764 0.043215
72.324108 0.044319
72.357452 0.044928
72.390797 0.044801
72.424141 0.043851
72.457486 0.042164
72.490830 0.039973
72.524175 0.037597
72.557519 0.035368
72.590864 0.033555
72.624208 0.032307
72.657553 0.031633
72.690897 0.031413
72.724241 0.031443
72.757586 0.031504
72.790930 0.031420
72.824275 0.031113
72.857619 0.030622
72.890964 0.030095
72.924308 0.029740
72.957653 0.029771
72.990997 0.030343
73.024341 0.031506
73.057686 0.033181
73.091030 0.035181
73.124375 0.037249
73.157719 0.039123
73.191064 0.040598
73.224408 0.041580
73.257753 0.042101
73.291097 0.042316
73.324441 0.042449
73.357786 0.042734
73.391130 0.043346
73.424475 0.044345
73.457819 0.045652
73.491164 0.047061
73.524508 0.048285
73.557853 0.049028
73.591197 0.049064
73.624542 0.048298
73.657886 0.046808
73.691230 0.044835
73.724575 0.042744
73.757919 0.040947
73.791264 0.039814
73.824608 0.039597
73.857953 0.040372
73.891297 0.042027
73.924642 0.044290
73.957986 0.046796
73.991330 0.049172
74.024675 0.051121
74.058019 0.052492
74.091364 0.053301
74.124708 0.053722
74.158053 0.054032
74.191397 0.054530
74.224742 0.055458
74.258086 0.056928
74.291430 0.058892
74.324775 0.061144
74.358119 0.063376
74.391464 0.065248
74.424808 0.066480
74.458153 0.066926
74.491497 0.066619
74.524842 0.065773
74.558186 0.064741
74.591531 0.063939
74.624875 0.063750
74.658219 0.064436
74.691564 0.066077
74.724908 0.068545
74.758253 0.071526
74.791597 0.074587
74.824942 0.077263
74.858286 0.079149
74.891631 0.079977
74.924975 0.079660
74.958319 0.078296
74.991664 0.076125
75.025008 0.073468
75.058353 0.070648
75.091697 0.067922
75.125042 0.065436
75.158386 0.063223
75.191731 0.061223
75.225075 0.059341
75.258419 0.057506
75.291764 0.055731
75.325108 0.054137
75.358453 0.052958
75.391797 0.052493
75.425142 0.053049
75.458486 0.054864
75.491831 0.058033
75.525175 0.062474
75.558520 0.067911
75.591864 0.073912
75.625208 0.079953
75.658553 0.085501
75.691897 0.090096
75.725242 0.093425
75.758586 0.095351
75.791931 0.095917
75.825275 0.095308
75.858620 0.093796
75.891964 0.091671
75.925308 0.089185
75.958653 0.086516
75.991997 0.083761
76.025342 0.080954
76.058686 0.078101
76.092031 0.075225
76.125375 0.072392
76.158720 0.069729
76.192064 0.067403
76.225408 0.065587
76.258753 0.064412
76.292097 0.063916
76.325442 0.064014
76.358786 0.064491
76.392131 0.065034
76.425475 0.065284
76.458820 0.064910
76.492164 0.063682
76.525509 0.061532
76.558853 0.058570
76.592197 0.055077
76.625542 0.051455
76.658886 0.048144
76.692231 0.045541
76.725575 0.043920
76.758920 0.043385
76.792264 0.043855
76.825609 0.045096
76.858953 0.046779
76.892297 0.048558
76.925642 0.050148
76.958986 0.051377
76.992331 0.052214
77.025675 0.052753
77.059020 0.053169
77.092364 0.053651
77.125709 0.054339
77.159053 0.055269
77.192397 0.056357
77.225742 0.057416
77.259086 0.058195
77.292431 0.058454
77.325775 0.058031
77.359120 0.056895
77.392464 0.055173
77.425809 0.053136
77.459153 0.051149
77.492497 0.049603
77.525842 0.048833
77.559186 0.049052
77.592531 0.050312
77.625875 0.052505
77.659220 0.055397
77.692564 0.058695
77.725909 0.062122
77.759253 0.065491
77.792598 0.068743
77.825942 0.071961
77.859286 0.075338
77.892631 0.079115
77.925975 0.083503
77.959320 0.088608
77.992664 0.094379
78.026009 0.100590
78.059353 0.106861
78.092698 0.112720
78.126042 0.117681
78.159386 0.121331
78.192731 0.123398
78.226075 0.123792
78.259420 0.122606
78.292764 0.120078
78.326109 0.116535
78.359453 0.112316
78.392798 0.107712
78.426142 0.102925
78.459486 0.098059
78.492831 0.093145
78.526175 0.088186
78.559520 0.083206
78.592864 0.078302
78.626209 0.073658
78.659553 0.069540
78.692898 0.066252
78.726242 0.064074
78.759587 0.063191
78.792931 0.063638
78.826275 0.065270
78.859620 0.067765
78.892964 0.070674
78.926309 0.073491
78.959653 0.075745
78.992998 0.077076
79.026342 0.077300
79.059687 0.076427
79.093031 0.074641
79.126375 0.072247
79.159720 0.069600
79.193064 0.067019
79.226409 0.064738
79.259753 0.062865
79.293098 0.061393
79.326442 0.060236
79.359787 0.059290
79.393131 0.058490
79.426475 0.057861
79.459820 0.057528
79.493164 0.057701
79.526509 0.058620
79.559853 0.060484
79.593198 0.063371
79.626542 0.067189
79.659887 0.071647
79.693231 0.076280
79.726576 0.080514
79.759920 0.083758
79.793264 0.085510
79.826609 0.085451
79.859953 0.083509
79.893298 0.079870
79.926642 0.074949
79.959987 0.069312
79.993331 0.063577
80.026676 0.058308
80.060020 0.053932
80.093364 0.050688
80.126709 0.048622
80.160053 0.047624
80.193398 0.047488
80.226742 0.047993
80.260087 0.048965
80.293431 0.050319
80.326776 0.052065
80.360120 0.054278
80.393464 0.057042
80.426809 0.060392
80.460153 0.064258
80.493498 0.068442
80.526842 0.072627
80.560187 0.076421
80.593531 0.079429
80.626876 0.081328
80.660220 0.081946
80.693565 0.081293
80.726909 0.079572
80.760253 0.077139
80.793598 0.074433
80.826942 0.071884
80.860287 0.069838
80.893631 0.068484
80.926976 0.067832
80.960320 0.067729
80.993665 0.067905
81.027009 0.068054
81.060353 0.067906
81.093698 0.067300
81.127042 0.066216
81.160387 0.064774
81.193731 0.063200
81.227076 0.061764
81.260420 0.060709
81.293765 0.060190
81.327109 0.060237
81.360453 0.060752
81.393798 0.061533
81.427142 0.062333
81.460487 0.062917
81.493831 0.063120
81.527176 0.062883
81.560520 0.062256
81.593865 0.061376
81.627209 0.060417
81.660554 0.059535
81.693898 0.058816
81.727242 0.058245
81.760587 0.057712
81.793931 0.057036
81.827276 0.056021
81.860620 0.054519
81.893965 0.052478
81.927309 0.049980
81.960654 0.047233
81.993998 0.044539
82.027342 0.042231
82.060687 0.040597
82.094031 0.039813
82.127376 0.039896
82.160720 0.040693
82.194065 0.041908
82.227409 0.043165
82.260754 0.044084
82.294098 0.044364
82.327442 0.043845
82.360787 0.042539
82.394131 0.040620
82.427476 0.038383
82.460820 0.036164
82.494165 0.034272
82.527509 0.032913
82.560854 0.032152
82.594198 0.031907
82.627543 0.031982
82.660887 0.032124
82.694231 0.032094
82.727576 0.031729
82.760920 0.030989
82.794265 0.029966
82.827609 0.028854
82.860954 0.027907
82.894298 0.027366
82.927643 0.027398
82.960987 0.028058
82.994331 0.029272
83.027676 0.030858
83.061020 0.032578
83.094365 0.034195
83.127709 0.035538
83.161054 0.036543
83.194398 0.037265
83.227743 0.037860
83.261087 0.038537
83.294431 0.039493
83.327776 0.040855
83.361120 0.042631
83.394465 0.044701
83.427809 0.046833
83.461154 0.048737
83.494498 0.050130
83.527843 0.050811
83.561187 0.050705
83.594532 0.049891
83.627876 0.048584
83.661220 0.047084
83.694565 0.045702
83.727909 0.044690
83.761254 0.044170
83.794598 0.044110
83.827943 0.044329
83.861287 0.044542
83.894632 0.044440
83.927976 0.043765
83.961320 0.042393
83.994665 0.040373
84.028009 0.037933
84.061354 0.035441
84.094698 0.033327
84.128043 0.031998
84.161387 0.031744
84.194732 0.032673
84.228076 0.034689
84.261420 0.037507
84.294765 0.040716
84.328109 0.043861
84.361454 0.046541
84.394798 0.048485
84.428143 0.049600
84.461487 0.049973
84.494832 0.049840
84.528176 0.049514
84.561521 0.049308
84.594865 0.049457
84.628209 0.050067
84.661554 0.051100
84.694898 0.052387
84.728243 0.053687
84.761587 0.054745
84.794932 0.055361
84.828276 0.055435
84.861621 0.054983
84.894965 0.054123
84.928309 0.053034
84.961654 0.051897
84.994998 0.050844
85.028343 0.049914
85.061687 0.049051
85.095032 0.048115
85.128376 0.046935
85.161721 0.045363
85.195065 0.043326
85.228409 0.040872
85.261754 0.038166
85.295098 0.035471
85.328443 0.033092
85.361787 0.031309
85.395132 0.030312
85.428476 0.030149
85.461821 0.030716
85.495165 0.031778
85.528510 0.033015
85.561854 0.034106
85.595198 0.034793
85.628543 0.034948
85.661887 0.034597
85.695232 0.033910
85.728576 0.033156
85.761921 0.032633
85.795265 0.032588
85.828610 0.033149
85.861954 0.034291
85.895298 0.035832
85.928643 0.037475
85.961987 0.038869
85.995332 0.039699
86.028676 0.039752
86.062021 0.038972
86.095365 0.037473
86.128710 0.035507
86.162054 0.033415
86.195398 0.031539
86.228743 0.030156
86.262087 0.029409
86.295432 0.029294
86.328776 0.029663
86.362121 0.030280
86.395465 0.030882
86.428810 0.031255
86.462154 0.031289
86.495498 0.031007
86.528843 0.030551
86.562187 0.030146
86.595532 0.030031
86.628876 0.030389
86.662221 0.031292
86.695565 0.032672
86.728910 0.034330
86.762254 0.035974
86.795599 0.037292
86.828943 0.038025
86.862287 0.038031
86.895632 0.037322
86.928976 0.036063
86.962321 0.034536
86.995665 0.033068
87.029010 0.031958
87.062354 0.031402
87.095699 0.031442
87.129043 0.031961
87.162387 0.032705
87.195732 0.033350
87.229076 0.033578
87.262421 0.033157
87.295765 0.031994
87.329110 0.030165
87.362454 0.027889
87.395799 0.025487
87.429143 0.023299
87.462487 0.021613
87.495832 0.020597
87.529176 0.020273
87.562521 0.020517
87.595865 0.021104
87.629210 0.021771
87.662554 0.022294
87.695899 0.022545
87.729243 0.022527
87.762588 0.022375
87.795932 0.022317
87.829276 0.022611
87.862621 0.023474
87.895965 0.025019
87.929310 0.027215
87.962654 0.029891
87.995999 0.032766
88.029343 0.035510
88.062688 0.037824
88.096032 0.039503
88.129376 0.040485
88.162721 0.040855
88.196065 0.040823
88.229410 0.040659
88.262754 0.040627
88.296099 0.040905
88.329443 0.041543
88.362788 0.042448
88.396132 0.043402
88.429476 0.044128
88.462821 0.044359
88.496165 0.043916
88.529510 0.042767
88.562854 0.041043
88.596199 0.039023
88.629543 0.037078
88.662888 0.035584
88.696232 0.034844
88.729577 0.035015
88.762921 0.036068
88.796265 0.037796
88.829610 0.039857
88.862954 0.041854
88.896299 0.043416
88.929643 0.044284
88.962988 0.044361
88.996332 0.043719
89.029677 0.042580
89.063021 0.041245
89.096365 0.040020
89.129710 0.039137
89.163054 0.038702
89.196399 0.038675
89.229743 0.038894
89.263088 0.039127
89.296432 0.039150
89.329777 0.038817
89.363121 0.038118
89.396465 0.037195
89.429810 0.036321
89.463154 0.035843
89.496499 0.036098
89.529843 0.037326
89.563188 0.039609
89.596532 0.042829
89.629877 0.046681
89.663221 0.050726
89.696566 0.054467
89.729910 0.057448
89.763254 0.059337
89.796599 0.059982
89.829943 0.059426
89.863288 0.057888
89.896632 0.055694
89.929977 0.053205
89.963321 0.050731
89.996666 0.048478
90.030010 0.046512
90.063354 0.044775
90.096699 0.043120
90.130043 0.041375
90.163388 0.039408
90.196732 0.037172
90.230077 0.034730
90.263421 0.032242
90.296766 0.029923
90.330110 0.027990
90.363454 0.026596
90.396799 0.025792
90.430143 0.025501
90.463488 0.025543
90.496832 0.025670
90.530177 0.025637
90.563521 0.025259
90.596866 0.024469
90.630210 0.023334
90.663555 0.022046
90.696899 0.020877
90.730243 0.020115
90.763588 0.019993
90.796932 0.020634
90.830277 0.022021
90.863621 0.024002
90.896966 0.026331
90.930310 0.028728
90.963655 0.030953
90.996999 0.032866
91.030343 0.034460
91.063688 0.035858
91.097032 0.037280
91.130377 0.038979
91.163721 0.041161
91.197066 0.043926
91.230410 0.047224
91.263755 0.050848
91.297099 0.054473
91.330443 0.057717
91.363788 0.060223
91.397132 0.061735
91.430477 0.062154
91.463821 0.061554
91.497166 0.060165
91.530510 0.058311
91.563855 0.056338
91.597199 0.054533
91.630544 0.053063
91.663888 0.051947
91.697232 0.051064
91.730577 0.050206
91.763921 0.049143
91.797266 0.047699
91.830610 0.045816
91.863955 0.043578
91.897299 0.041205
91.930644 0.039005
91.963988 0.037298
91.997332 0.036332
92.030677 0.036220
92.064021 0.036896
92.097366 0.038118
92.130710 0.039518
92.164055 0.040675
92.197399 0.041209
92.230744 0.040867
92.264088 0.039577
92.297432 0.037469
92.330777 0.034839
92.364121 0.032089
92.397466 0.029631
92.430810 0.027802
92.464155 0.026792
92.497499 0.026610
92.530844 0.027102
92.564188 0.027996
92.597533 0.028984
92.630877 0.029807
92.664221 0.030321
92.697566 0.030538
92.730910 0.030617
92.764255 0.030822
92.797599 0.031443
92.830944 0.032714
92.864288 0.034739
92.897633 0.037448
92.930977 0.040600
92.964321 0.043822
92.997666 0.046688
93.031010 0.048807
93.064355 0.049914
93.097699 0.049925
93.131044 0.048956
93.164388 0.047298
93.197733 0.045352
93.231077 0.043538
93.264421 0.042211
93.297766 0.041583
93.331110 0.041694
93.364455 0.042415
93.397799 0.043496
93.431144 0.044636
93.464488 0.045565
93.497833 0.046112
93.531177 0.046238
93.564522 0.046040
93.597866 0.045713
93.631210 0.045483
93.664555 0.045541
93.697899 0.045975
93.731244 0.046740
93.764588 0.047658
93.797933 0.048457
93.831277 0.048842
93.864622 0.048565
93.897966 0.047501
93.931310 0.045682
93.964655 0.043307
93.997999 0.040702
94.031344 0.038253
94.064688 0.036324
94.098033 0.035172
94.131377 0.034899
94.164722 0.035425
94.198066 0.036513
94.231410 0.037827
94.264755 0.039007
94.298099 0.039754
94.331444 0.039891
94.364788 0.039400
94.398133 0.038407
94.431477 0.037149
94.464822 0.035900
94.498166 0.034902
94.531511 0.034299
94.564855 0.034108
94.598199 0.034215
94.631544 0.034414
94.664888 0.034466
94.698233 0.034169
94.731577 0.033411
94.764922 0.032209
94.798266 0.030702
94.831611 0.029121
94.864955 0.027722
94.898299 0.026723
94.931644 0.026238
94.964988 0.026246
94.998333 0.026589
95.031677 0.027007
95.065022 0.027207
95.098366 0.026931
95.131711 0.026034
95.165055 0.024522
95.198399 0.022563
95.231744 0.020455
95.265088 0.018563
95.298433 0.017236
95.331777 0.016727
95.365122 0.017132
95.398466 0.018372
95.431811 0.020203
95.465155 0.022277
95.498499 0.024215
95.531844 0.025696
95.565188 0.026522
95.598533 0.026662
95.631877 0.026242
95.665222 0.025517
95.698566 0.024793
95.731911 0.024356
95.765255 0.024398
95.798600 0.024972
95.831944 0.025987
95.865288 0.027233
95.898633 0.028442
95.931977 0.029358
95.965322 0.029807
95.998666 0.029741
96.032011 0.029256
96.065355 0.028569
96.098700 0.027962
96.132044 0.027719
96.165388 0.028054
96.198733 0.029059
96.232077 0.030691
96.265422 0.032775
96.298766 0.035056
96.332111 0.037258
96.365455 0.039149
96.398800 0.040593
96.432144 0.041568
96.465488 0.042161
96.498833 0.042533
96.532177 0.042853
96.565522 0.043250
96.598866 0.043761
96.632211 0.044312
96.665555 0.044737
96.698900 0.044810
96.732244 0.044314
96.765589 0.043103
96.798933 0.041147
96.832277 0.038559
96.865622 0.035582
96.898966 0.032543
96.932311 0.029786
96.965655 0.027600
96.999000 0.026156
97.032344 0.025471
97.065689 0.025411
97.099033 0.025727
97.132377 0.026116
97.165722 0.026298
97.199066 0.026085
97.232411 0.025422
97.265755 0.024398
97.299100 0.023218
97.332444 0.022149
97.365789 0.021443
97.399133 0.021269
97.432477 0.021667
97.465822 0.022530
97.499166 0.023627
97.532511 0.024657
97.565855 0.025323
97.599200 0.025402
97.632544 0.024807
97.665889 0.023602
97.699233 0.021997
97.732578 0.020290
97.765922 0.018801
97.799266 0.017791
97.832611 0.017403
97.865955 0.017624
97.899300 0.018291
97.932644 0.019134
97.965989 0.019844
97.999333 0.020149
98.032678 0.019885
98.066022 0.019039
98.099366 0.017752
98.132711 0.016289
98.166055 0.014974
98.199400 0.014115
98.232744 0.013930
98.266089 0.014497
98.299433 0.015739
98.332778 0.017441
98.366122 0.019309
98.399466 0.021040
98.432811 0.022392
98.466155 0.023242
98.499500 0.023606
98.532844 0.023629
98.566189 0.023539
98.599533 0.023583
98.632878 0.023957
98.666222 0.024760
98.699567 0.025961
98.732911 0.027416
98.766255 0.028910
98.799600 0.030218
98.832944 0.031173
98.866289 0.031722
98.899633 0.031947
98.932978 0.032053
98.966322 0.032324
98.999667 0.033055
99.033011 0.034469
99.066355 0.036662
99.099700 0.039557
99.133044 0.042916
99.166389 0.046377
99.199733 0.049525
99.233078 0.051976
99.266422 0.053457
99.299767 0.053860
99.333111 0.053254
99.366455 0.051867
99.399800 0.050028
99.433144 0.048090
99.466489 0.046353
99.499833 0.045009
99.533178 0.044113
99.566522 0.043593
99.599867 0.043290
99.633211 0.043027
99.666556 0.042670
99.699900 0.042179
99.733244 0.041630
99.766589 0.041200
99.799933 0.041123
99.833278 0.041621
99.866622 0.042837
99.899967 0.044779
99.933311 0.047297
99.966656 0.050098
100.000000 0.052795
