     1	-2.33226228
     2	-2.33226228
     3	-2.33226228
     4	-2.33226228
     5	-2.33226228
     6	-2.33226228
     7	-2.33226228
     8	-2.33226227
     9	-2.33226227
    10	-2.33226227
    11	-2.33226226
    12	-2.33226225
    13	-2.33226223
    14	-2.33226222
    15	-2.33226221
    16	-2.33226219
    17	-2.33226216
    18	-2.33226213
    19	-2.33226210
    20	-2.33226206
    21	-2.33226201
    22	-2.33226195
    23	-2.33226187
    24	-2.33226179
    25	-2.33226169
    26	-2.33226158
    27	-2.33226146
    28	-2.33226131
    29	-2.33226115
    30	-2.33226096
    31	-2.33226076
    32	-2.33226054
    33	-2.33226030
    34	-2.33226003
    35	-2.33225974
    36	-2.33225943
    37	-2.33225909
    38	-2.33225874
    39	-2.33225836
    40	-2.33225796
    41	-2.33225752
    42	-2.33225707
    43	-2.33225658
    44	-2.33225607
    45	-2.33225554
    46	-2.33225499
    47	-2.33225443
    48	-2.33225385
    49	-2.33225325
    50	-2.33225264
    51	-2.33225200
    52	-2.33225133
    53	-2.33225064
    54	-2.33224992
    55	-2.33224919
    56	-2.33224844
    57	-2.33224768
    58	-2.33224690
    59	-2.33224611
    60	-2.33224532
    61	-2.33224451
    62	-2.33224370
    63	-2.33224288
    64	-2.33224204
    65	-2.33224121
    66	-2.33224037
    67	-2.33223953
    68	-2.33223868
    69	-2.33223784
    70	-2.33223699
    71	-2.33223615
    72	-2.33223531
    73	-2.33223448
    74	-2.33223366
    75	-2.33223284
    76	-2.33223202
    77	-2.33223122
    78	-2.33223042
    79	-2.33222963
    80	-2.33222885
    81	-2.33222807
    82	-2.33222729
    83	-2.33222652
    84	-2.33222576
    85	-2.33222500
    86	-2.33222424
    87	-2.33222350
    88	-2.33222275
    89	-2.33222201
    90	-2.33222128
    91	-2.33222056
    92	-2.33221984
    93	-2.33221914
    94	-2.33221844
    95	-2.33221776
    96	-2.33221708
    97	-2.33221643
    98	-2.33221578
    99	-2.33221515
   100	-2.33221454
   101	-2.33221395
   102	-2.33221337
   103	-2.33221282
   104	-2.33221228
   105	-2.33221176
   106	-2.33221126
   107	-2.33221079
   108	-2.33221033
   109	-2.33220990
   110	-2.33220949
   111	-2.33220910
   112	-2.33220873
   113	-2.33220838
   114	-2.33220806
   115	-2.33220775
   116	-2.33220747
   117	-2.33220722
   118	-2.33220698
   119	-2.33220675
   120	-2.33220655
   121	-2.33220636
   122	-2.33220619
   123	-2.33220604
   124	-2.33220591
   125	-2.33220579
   126	-2.33220568
   127	-2.33220559
   128	-2.33220551
   129	-2.33220544
   130	-2.33220537
   131	-2.33220532
   132	-2.33220527
   133	-2.33220524
   134	-2.33220522
   135	-2.33220520
   136	-2.33220520
   137	-2.33220519
   138	-2.33220519
   139	-2.33220518
   140	-2.33220517
   141	-2.33220517
   142	-2.33220518
   143	-2.33220520
   144	-2.33220522
   145	-2.33220524
   146	-2.33220527
   147	-2.33220530
   148	-2.33220533
   149	-2.33220535
   150	-2.33220538
   151	-2.33220540
   152	-2.33220542
   153	-2.33220544
   154	-2.33220547
   155	-2.33220550
   156	-2.33220553
   157	-2.33220556
   158	-2.33220560
   159	-2.33220563
   160	-2.33220566
   161	-2.33220569
   162	-2.33220572
   163	-2.33220574
   164	-2.33220575
   165	-2.33220576
   166	-2.33220577
   167	-2.33220577
   168	-2.33220577
   169	-2.33220577
   170	-2.33220577
   171	-2.33220577
   172	-2.33220577
   173	-2.33220577
   174	-2.33220577
   175	-2.33220577
   176	-2.33220576
   177	-2.33220576
   178	-2.33220574
   179	-2.33220573
   180	-2.33220572
   181	-2.33220570
   182	-2.33220568
   183	-2.33220566
   184	-2.33220563
   185	-2.33220560
   186	-2.33220557
   187	-2.33220554
   188	-2.33220550
   189	-2.33220546
   190	-2.33220542
   191	-2.33220539
   192	-2.33220534
   193	-2.33220530
   194	-2.33220525
   195	-2.33220520
   196	-2.33220516
   197	-2.33220511
   198	-2.33220506
   199	-2.33220501
   200	-2.33220496
   201	-2.33220491
   202	-2.33220486
   203	-2.33220481
   204	-2.33220476
   205	-2.33220471
   206	-2.33220466
   207	-2.33220461
   208	-2.33220455
   209	-2.33220450
   210	-2.33220444
   211	-2.33220438
   212	-2.33220432
   213	-2.33220426
   214	-2.33220420
   215	-2.33220413
   216	-2.33220406
   217	-2.33220398
   218	-2.33220390
   219	-2.33220383
   220	-2.33220376
   221	-2.33220369
   222	-2.33220363
   223	-2.33220357
   224	-2.33220351
   225	-2.33220345
   226	-2.33220339
   227	-2.33220333
   228	-2.33220328
   229	-2.33220324
   230	-2.33220321
   231	-2.33220318
   232	-2.33220317
   233	-2.33220315
   234	-2.33220313
   235	-2.33220312
   236	-2.33220310
   237	-2.33220308
   238	-2.33220306
   239	-2.33220305
   240	-2.33220304
   241	-2.33220303
   242	-2.33220303
   243	-2.33220302
   244	-2.33220302
   245	-2.33220300
   246	-2.33220299
   247	-2.33220297
   248	-2.33220294
   249	-2.33220292
   250	-2.33220289
   251	-2.33220287
   252	-2.33220285
   253	-2.33220284
   254	-2.33220282
   255	-2.33220281
   256	-2.33220281
   257	-2.33220280
   258	-2.33220280
   259	-2.33220280
   260	-2.33220280
   261	-2.33220280
   262	-2.33220281
   263	-2.33220282
   264	-2.33220283
   265	-2.33220285
   266	-2.33220288
   267	-2.33220291
   268	-2.33220295
   269	-2.33220299
   270	-2.33220304
   271	-2.33220309
   272	-2.33220314
   273	-2.33220319
   274	-2.33220324
   275	-2.33220328
   276	-2.33220332
   277	-2.33220336
   278	-2.33220340
   279	-2.33220343
   280	-2.33220346
   281	-2.33220349
   282	-2.33220352
   283	-2.33220355
   284	-2.33220357
   285	-2.33220358
   286	-2.33220359
   287	-2.33220360
   288	-2.33220360
   289	-2.33220360
   290	-2.33220359
   291	-2.33220358
   292	-2.33220356
   293	-2.33220353
   294	-2.33220350
   295	-2.33220347
   296	-2.33220343
   297	-2.33220339
   298	-2.33220335
   299	-2.33220331
   300	-2.33220326
   301	-2.33220322
   302	-2.33220317
   303	-2.33220312
   304	-2.33220307
   305	-2.33220302
   306	-2.33220297
   307	-2.33220293
   308	-2.33220289
   309	-2.33220284
   310	-2.33220280
   311	-2.33220276
   312	-2.33220272
   313	-2.33220267
   314	-2.33220263
   315	-2.33220259
   316	-2.33220256
   317	-2.33220253
   318	-2.33220251
   319	-2.33220249
   320	-2.33220246
   321	-2.33220244
   322	-2.33220242
   323	-2.33220239
   324	-2.33220237
   325	-2.33220235
   326	-2.33220233
   327	-2.33220231
   328	-2.33220230
   329	-2.33220229
   330	-2.33220227
   331	-2.33220225
   332	-2.33220222
   333	-2.33220218
   334	-2.33220214
   335	-2.33220210
   336	-2.33220206
   337	-2.33220201
   338	-2.33220196
   339	-2.33220190
   340	-2.33220184
   341	-2.33220177
   342	-2.33220170
   343	-2.33220161
   344	-2.33220151
   345	-2.33220141
   346	-2.33220130
   347	-2.33220118
   348	-2.33220106
   349	-2.33220094
   350	-2.33220082
   351	-2.33220070
   352	-2.33220058
   353	-2.33220045
   354	-2.33220032
   355	-2.33220020
   356	-2.33220007
   357	-2.33219994
   358	-2.33219982
   359	-2.33219969
   360	-2.33219957
   361	-2.33219946
   362	-2.33219935
   363	-2.33219925
   364	-2.33219914
   365	-2.33219905
   366	-2.33219895
   367	-2.33219886
   368	-2.33219877
   369	-2.33219868
   370	-2.33219859
   371	-2.33219850
   372	-2.33219841
   373	-2.33219833
   374	-2.33219824
   375	-2.33219816
   376	-2.33219808
   377	-2.33219801
   378	-2.33219793
   379	-2.33219787
   380	-2.33219781
   381	-2.33219776
   382	-2.33219771
   383	-2.33219767
   384	-2.33219763
   385	-2.33219760
   386	-2.33219757
   387	-2.33219755
   388	-2.33219754
   389	-2.33219752
   390	-2.33219750
   391	-2.33219749
   392	-2.33219748
   393	-2.33219748
   394	-2.33219748
   395	-2.33219748
   396	-2.33219748
   397	-2.33219749
   398	-2.33219749
   399	-2.33219748
   400	-2.33219746
   401	-2.33219744
   402	-2.33219742
   403	-2.33219739
   404	-2.33219736
   405	-2.33219732
   406	-2.33219727
   407	-2.33219721
   408	-2.33219714
   409	-2.33219706
   410	-2.33219697
   411	-2.33219687
   412	-2.33219677
   413	-2.33219667
   414	-2.33219656
   415	-2.33219645
   416	-2.33219633
   417	-2.33219621
   418	-2.33219608
   419	-2.33219595
   420	-2.33219580
   421	-2.33219566
   422	-2.33219551
   423	-2.33219537
   424	-2.33219522
   425	-2.33219508
   426	-2.33219493
   427	-2.33219478
   428	-2.33219463
   429	-2.33219447
   430	-2.33219430
   431	-2.33219413
   432	-2.33219396
   433	-2.33219378
   434	-2.33219361
   435	-2.33219343
   436	-2.33219325
   437	-2.33219307
   438	-2.33219289
   439	-2.33219270
   440	-2.33219251
   441	-2.33219231
   442	-2.33219212
   443	-2.33219192
   444	-2.33219172
   445	-2.33219152
   446	-2.33219132
   447	-2.33219112
   448	-2.33219093
   449	-2.33219075
   450	-2.33219057
   451	-2.33219039
   452	-2.33219021
   453	-2.33219004
   454	-2.33218988
   455	-2.33218972
   456	-2.33218956
   457	-2.33218942
   458	-2.33218928
   459	-2.33218916
   460	-2.33218904
   461	-2.33218893
   462	-2.33218884
   463	-2.33218875
   464	-2.33218866
   465	-2.33218859
   466	-2.33218852
   467	-2.33218845
   468	-2.33218839
   469	-2.33218833
   470	-2.33218828
   471	-2.33218824
   472	-2.33218820
   473	-2.33218817
   474	-2.33218814
   475	-2.33218811
   476	-2.33218809
   477	-2.33218807
   478	-2.33218806
   479	-2.33218805
   480	-2.33218804
   481	-2.33218804
   482	-2.33218804
   483	-2.33218804
   484	-2.33218804
   485	-2.33218805
   486	-2.33218806
   487	-2.33218807
   488	-2.33218809
   489	-2.33218811
   490	-2.33218814
   491	-2.33218817
   492	-2.33218821
   493	-2.33218826
   494	-2.33218830
   495	-2.33218835
   496	-2.33218840
   497	-2.33218846
   498	-2.33218851
   499	-2.33218858
   500	-2.33218865
   501	-2.33218872
   502	-2.33218879
   503	-2.33218887
   504	-2.33218896
   505	-2.33218905
   506	-2.33218915
   507	-2.33218926
   508	-2.33218937
   509	-2.33218950
   510	-2.33218964
   511	-2.33218979
   512	-2.33218996
   513	-2.33219012
   514	-2.33219030
   515	-2.33219049
   516	-2.33219068
   517	-2.33219087
   518	-2.33219108
   519	-2.33219129
   520	-2.33219151
   521	-2.33219173
   522	-2.33219197
   523	-2.33219221
   524	-2.33219245
   525	-2.33219270
   526	-2.33219294
   527	-2.33219317
   528	-2.33219341
   529	-2.33219364
   530	-2.33219388
   531	-2.33219410
   532	-2.33219432
   533	-2.33219455
   534	-2.33219477
   535	-2.33219498
   536	-2.33219518
   537	-2.33219538
   538	-2.33219557
   539	-2.33219576
   540	-2.33219594
   541	-2.33219611
   542	-2.33219629
   543	-2.33219646
   544	-2.33219662
   545	-2.33219678
   546	-2.33219694
   547	-2.33219710
   548	-2.33219724
   549	-2.33219739
   550	-2.33219753
   551	-2.33219766
   552	-2.33219779
   553	-2.33219791
   554	-2.33219804
   555	-2.33219815
   556	-2.33219826
   557	-2.33219838
   558	-2.33219848
   559	-2.33219859
   560	-2.33219869
   561	-2.33219878
   562	-2.33219887
   563	-2.33219895
   564	-2.33219903
   565	-2.33219909
   566	-2.33219916
   567	-2.33219922
   568	-2.33219928
   569	-2.33219934
   570	-2.33219940
   571	-2.33219946
   572	-2.33219952
   573	-2.33219958
   574	-2.33219963
   575	-2.33219969
   576	-2.33219975
   577	-2.33219981
   578	-2.33219986
   579	-2.33219992
   580	-2.33219998
   581	-2.33220003
   582	-2.33220008
   583	-2.33220013
   584	-2.33220018
   585	-2.33220022
   586	-2.33220027
   587	-2.33220032
   588	-2.33220036
   589	-2.33220040
   590	-2.33220044
   591	-2.33220047
   592	-2.33220050
   593	-2.33220052
   594	-2.33220053
   595	-2.33220055
   596	-2.33220055
   597	-2.33220055
   598	-2.33220055
   599	-2.33220054
   600	-2.33220053
   601	-2.33220051
   602	-2.33220048
   603	-2.33220045
   604	-2.33220042
   605	-2.33220038
   606	-2.33220035
   607	-2.33220031
   608	-2.33220028
   609	-2.33220024
   610	-2.33220021
   611	-2.33220017
   612	-2.33220013
   613	-2.33220009
   614	-2.33220006
   615	-2.33220003
   616	-2.33220000
   617	-2.33219999
   618	-2.33219998
   619	-2.33219998
   620	-2.33219999
   621	-2.33220000
   622	-2.33220001
   623	-2.33220004
   624	-2.33220006
   625	-2.33220008
   626	-2.33220011
   627	-2.33220014
   628	-2.33220018
   629	-2.33220021
   630	-2.33220025
   631	-2.33220030
   632	-2.33220035
   633	-2.33220040
   634	-2.33220046
   635	-2.33220052
   636	-2.33220058
   637	-2.33220064
   638	-2.33220071
   639	-2.33220078
   640	-2.33220085
   641	-2.33220093
   642	-2.33220100
   643	-2.33220108
   644	-2.33220115
   645	-2.33220123
   646	-2.33220131
   647	-2.33220139
   648	-2.33220146
   649	-2.33220154
   650	-2.33220161
   651	-2.33220168
   652	-2.33220174
   653	-2.33220181
   654	-2.33220189
   655	-2.33220196
   656	-2.33220204
   657	-2.33220211
   658	-2.33220218
   659	-2.33220226
   660	-2.33220232
   661	-2.33220239
   662	-2.33220245
   663	-2.33220252
   664	-2.33220259
   665	-2.33220265
   666	-2.33220273
   667	-2.33220280
   668	-2.33220287
   669	-2.33220295
   670	-2.33220303
   671	-2.33220311
   672	-2.33220318
   673	-2.33220326
   674	-2.33220334
   675	-2.33220343
   676	-2.33220351
   677	-2.33220359
   678	-2.33220367
   679	-2.33220374
   680	-2.33220381
   681	-2.33220389
   682	-2.33220395
   683	-2.33220402
   684	-2.33220408
   685	-2.33220413
   686	-2.33220418
   687	-2.33220423
   688	-2.33220426
   689	-2.33220428
   690	-2.33220430
   691	-2.33220431
   692	-2.33220430
   693	-2.33220430
   694	-2.33220428
   695	-2.33220426
   696	-2.33220424
   697	-2.33220421
   698	-2.33220417
   699	-2.33220412
   700	-2.33220407
   701	-2.33220402
   702	-2.33220396
   703	-2.33220390
   704	-2.33220384
   705	-2.33220378
   706	-2.33220372
   707	-2.33220366
   708	-2.33220360
   709	-2.33220353
   710	-2.33220347
   711	-2.33220341
   712	-2.33220335
   713	-2.33220330
   714	-2.33220325
   715	-2.33220321
   716	-2.33220319
   717	-2.33220317
   718	-2.33220315
   719	-2.33220315
   720	-2.33220315
   721	-2.33220316
   722	-2.33220317
   723	-2.33220319
   724	-2.33220322
   725	-2.33220326
   726	-2.33220330
   727	-2.33220336
   728	-2.33220343
   729	-2.33220351
   730	-2.33220360
   731	-2.33220370
   732	-2.33220381
   733	-2.33220393
   734	-2.33220407
   735	-2.33220421
   736	-2.33220436
   737	-2.33220452
   738	-2.33220470
   739	-2.33220488
   740	-2.33220507
   741	-2.33220526
   742	-2.33220547
   743	-2.33220569
   744	-2.33220591
   745	-2.33220614
   746	-2.33220637
   747	-2.33220661
   748	-2.33220685
   749	-2.33220709
   750	-2.33220734
   751	-2.33220760
   752	-2.33220785
   753	-2.33220811
   754	-2.33220836
   755	-2.33220861
   756	-2.33220886
   757	-2.33220910
   758	-2.33220933
   759	-2.33220955
   760	-2.33220978
   761	-2.33221000
   762	-2.33221021
   763	-2.33221042
   764	-2.33221063
   765	-2.33221084
   766	-2.33221103
   767	-2.33221123
   768	-2.33221141
   769	-2.33221159
   770	-2.33221176
   771	-2.33221192
   772	-2.33221207
   773	-2.33221222
   774	-2.33221235
   775	-2.33221247
   776	-2.33221258
   777	-2.33221268
   778	-2.33221277
   779	-2.33221286
   780	-2.33221294
   781	-2.33221301
   782	-2.33221306
   783	-2.33221310
   784	-2.33221312
   785	-2.33221313
   786	-2.33221312
   787	-2.33221310
   788	-2.33221306
   789	-2.33221301
   790	-2.33221295
   791	-2.33221288
   792	-2.33221280
   793	-2.33221271
   794	-2.33221260
   795	-2.33221248
   796	-2.33221235
   797	-2.33221221
   798	-2.33221206
   799	-2.33221191
   800	-2.33221174
   801	-2.33221157
   802	-2.33221139
   803	-2.33221121
   804	-2.33221103
   805	-2.33221084
   806	-2.33221065
   807	-2.33221046
   808	-2.33221026
   809	-2.33221007
   810	-2.33220987
   811	-2.33220968
   812	-2.33220949
   813	-2.33220931
   814	-2.33220913
   815	-2.33220895
   816	-2.33220878
   817	-2.33220860
   818	-2.33220843
   819	-2.33220826
   820	-2.33220809
   821	-2.33220793
   822	-2.33220777
   823	-2.33220762
   824	-2.33220748
   825	-2.33220734
   826	-2.33220721
   827	-2.33220709
   828	-2.33220697
   829	-2.33220686
   830	-2.33220676
   831	-2.33220666
   832	-2.33220657
   833	-2.33220648
   834	-2.33220639
   835	-2.33220631
   836	-2.33220623
   837	-2.33220616
   838	-2.33220609
   839	-2.33220604
   840	-2.33220599
   841	-2.33220594
   842	-2.33220590
   843	-2.33220586
   844	-2.33220582
   845	-2.33220580
   846	-2.33220578
   847	-2.33220577
   848	-2.33220577
   849	-2.33220577
   850	-2.33220578
   851	-2.33220580
   852	-2.33220583
   853	-2.33220586
   854	-2.33220590
   855	-2.33220595
   856	-2.33220600
   857	-2.33220607
   858	-2.33220615
   859	-2.33220624
   860	-2.33220634
   861	-2.33220644
   862	-2.33220656
   863	-2.33220668
   864	-2.33220681
   865	-2.33220694
   866	-2.33220708
   867	-2.33220723
   868	-2.33220738
   869	-2.33220752
   870	-2.33220768
   871	-2.33220783
   872	-2.33220798
   873	-2.33220813
   874	-2.33220828
   875	-2.33220843
   876	-2.33220859
   877	-2.33220875
   878	-2.33220891
   879	-2.33220906
   880	-2.33220921
   881	-2.33220935
   882	-2.33220948
   883	-2.33220960
   884	-2.33220972
   885	-2.33220983
   886	-2.33220993
   887	-2.33221003
   888	-2.33221012
   889	-2.33221021
   890	-2.33221029
   891	-2.33221037
   892	-2.33221044
   893	-2.33221050
   894	-2.33221056
   895	-2.33221060
   896	-2.33221064
   897	-2.33221068
   898	-2.33221072
   899	-2.33221075
   900	-2.33221078
   901	-2.33221080
   902	-2.33221082
   903	-2.33221083
   904	-2.33221084
   905	-2.33221085
   906	-2.33221085
   907	-2.33221084
   908	-2.33221084
   909	-2.33221084
   910	-2.33221083
   911	-2.33221082
   912	-2.33221080
   913	-2.33221077
   914	-2.33221074
   915	-2.33221070
   916	-2.33221066
   917	-2.33221062
   918	-2.33221058
   919	-2.33221053
   920	-2.33221049
   921	-2.33221044
   922	-2.33221039
   923	-2.33221035
   924	-2.33221031
   925	-2.33221027
   926	-2.33221024
   927	-2.33221021
   928	-2.33221019
   929	-2.33221016
   930	-2.33221014
   931	-2.33221014
   932	-2.33221014
   933	-2.33221015
   934	-2.33221017
   935	-2.33221021
   936	-2.33221025
   937	-2.33221030
   938	-2.33221036
   939	-2.33221043
   940	-2.33221050
   941	-2.33221057
   942	-2.33221065
   943	-2.33221073
   944	-2.33221082
   945	-2.33221091
   946	-2.33221101
   947	-2.33221110
   948	-2.33221120
   949	-2.33221130
   950	-2.33221140
   951	-2.33221150
   952	-2.33221160
   953	-2.33221171
   954	-2.33221182
   955	-2.33221193
   956	-2.33221205
   957	-2.33221217
   958	-2.33221229
   959	-2.33221242
   960	-2.33221254
   961	-2.33221267
   962	-2.33221281
   963	-2.33221295
   964	-2.33221308
   965	-2.33221322
   966	-2.33221337
   967	-2.33221351
   968	-2.33221365
   969	-2.33221380
   970	-2.33221395
   971	-2.33221410
   972	-2.33221425
   973	-2.33221441
   974	-2.33221457
   975	-2.33221472
   976	-2.33221488
   977	-2.33221503
   978	-2.33221517
   979	-2.33221531
   980	-2.33221544
   981	-2.33221556
   982	-2.33221568
   983	-2.33221579
   984	-2.33221590
   985	-2.33221601
   986	-2.33221612
   987	-2.33221622
   988	-2.33221632
   989	-2.33221640
   990	-2.33221648
   991	-2.33221654
   992	-2.33221659
   993	-2.33221663
   994	-2.33221667
   995	-2.33221669
   996	-2.33221671
   997	-2.33221671
   998	-2.33221670
   999	-2.33221669
  1000	-2.33221666
  1001	-2.33221662
  1002	-2.33221657
  1003	-2.33221652
  1004	-2.33221646
  1005	-2.33221640
  1006	-2.33221632
  1007	-2.33221625
  1008	-2.33221617
  1009	-2.33221608
  1010	-2.33221599
  1011	-2.33221591
  1012	-2.33221582
  1013	-2.33221573
  1014	-2.33221564
  1015	-2.33221556
  1016	-2.33221547
  1017	-2.33221539
  1018	-2.33221531
  1019	-2.33221524
  1020	-2.33221518
  1021	-2.33221512
  1022	-2.33221507
  1023	-2.33221503
  1024	-2.33221499
  1025	-2.33221496
  1026	-2.33221493
  1027	-2.33221490
  1028	-2.33221488
  1029	-2.33221487
  1030	-2.33221486
  1031	-2.33221486
  1032	-2.33221486
  1033	-2.33221487
  1034	-2.33221488
  1035	-2.33221490
  1036	-2.33221491
  1037	-2.33221493
  1038	-2.33221494
  1039	-2.33221496
  1040	-2.33221497
  1041	-2.33221499
  1042	-2.33221501
  1043	-2.33221503
  1044	-2.33221505
  1045	-2.33221506
  1046	-2.33221507
  1047	-2.33221509
  1048	-2.33221509
  1049	-2.33221510
  1050	-2.33221511
  1051	-2.33221512
  1052	-2.33221513
  1053	-2.33221514
  1054	-2.33221515
  1055	-2.33221515
  1056	-2.33221516
  1057	-2.33221516
  1058	-2.33221517
  1059	-2.33221518
  1060	-2.33221519
  1061	-2.33221520
  1062	-2.33221522
  1063	-2.33221523
  1064	-2.33221525
  1065	-2.33221526
  1066	-2.33221527
  1067	-2.33221529
  1068	-2.33221530
  1069	-2.33221532
  1070	-2.33221533
  1071	-2.33221535
  1072	-2.33221536
  1073	-2.33221537
  1074	-2.33221538
  1075	-2.33221539
  1076	-2.33221539
  1077	-2.33221540
  1078	-2.33221540
  1079	-2.33221540
  1080	-2.33221542
  1081	-2.33221543
  1082	-2.33221545
  1083	-2.33221548
  1084	-2.33221551
  1085	-2.33221555
  1086	-2.33221559
  1087	-2.33221563
  1088	-2.33221568
  1089	-2.33221573
  1090	-2.33221579
  1091	-2.33221586
  1092	-2.33221593
  1093	-2.33221601
  1094	-2.33221609
  1095	-2.33221618
  1096	-2.33221628
  1097	-2.33221638
  1098	-2.33221649
  1099	-2.33221661
  1100	-2.33221673
  1101	-2.33221685
  1102	-2.33221697
  1103	-2.33221709
  1104	-2.33221722
  1105	-2.33221734
  1106	-2.33221746
  1107	-2.33221759
  1108	-2.33221771
  1109	-2.33221783
  1110	-2.33221795
  1111	-2.33221807
  1112	-2.33221819
  1113	-2.33221831
  1114	-2.33221844
  1115	-2.33221856
  1116	-2.33221869
  1117	-2.33221883
  1118	-2.33221897
  1119	-2.33221911
  1120	-2.33221926
  1121	-2.33221941
  1122	-2.33221956
  1123	-2.33221971
  1124	-2.33221986
  1125	-2.33222001
  1126	-2.33222017
  1127	-2.33222032
  1128	-2.33222048
  1129	-2.33222065
  1130	-2.33222081
  1131	-2.33222097
  1132	-2.33222113
  1133	-2.33222129
  1134	-2.33222144
  1135	-2.33222159
  1136	-2.33222174
  1137	-2.33222188
  1138	-2.33222202
  1139	-2.33222215
  1140	-2.33222228
  1141	-2.33222240
  1142	-2.33222251
  1143	-2.33222262
  1144	-2.33222272
  1145	-2.33222281
  1146	-2.33222290
  1147	-2.33222298
  1148	-2.33222305
  1149	-2.33222311
  1150	-2.33222317
  1151	-2.33222321
  1152	-2.33222325
  1153	-2.33222329
  1154	-2.33222331
  1155	-2.33222334
  1156	-2.33222335
  1157	-2.33222337
  1158	-2.33222338
  1159	-2.33222339
  1160	-2.33222339
  1161	-2.33222339
  1162	-2.33222338
  1163	-2.33222337
  1164	-2.33222335
  1165	-2.33222333
  1166	-2.33222331
  1167	-2.33222328
  1168	-2.33222325
  1169	-2.33222322
  1170	-2.33222319
  1171	-2.33222315
  1172	-2.33222311
  1173	-2.33222306
  1174	-2.33222300
  1175	-2.33222295
  1176	-2.33222289
  1177	-2.33222283
  1178	-2.33222277
  1179	-2.33222271
  1180	-2.33222265
  1181	-2.33222259
  1182	-2.33222252
  1183	-2.33222245
  1184	-2.33222238
  1185	-2.33222230
  1186	-2.33222222
  1187	-2.33222213
  1188	-2.33222204
  1189	-2.33222195
  1190	-2.33222185
  1191	-2.33222175
  1192	-2.33222165
  1193	-2.33222154
  1194	-2.33222144
  1195	-2.33222133
  1196	-2.33222122
  1197	-2.33222110
  1198	-2.33222098
  1199	-2.33222085
  1200	-2.33222073
  1201	-2.33222060
  1202	-2.33222046
  1203	-2.33222033
  1204	-2.33222020
  1205	-2.33222008
  1206	-2.33221995
  1207	-2.33221984
  1208	-2.33221972
  1209	-2.33221962
  1210	-2.33221953
  1211	-2.33221944
  1212	-2.33221936
  1213	-2.33221930
  1214	-2.33221924
  1215	-2.33221920
  1216	-2.33221917
  1217	-2.33221915
  1218	-2.33221914
  1219	-2.33221913
  1220	-2.33221913
  1221	-2.33221915
  1222	-2.33221917
  1223	-2.33221920
  1224	-2.33221924
  1225	-2.33221929
  1226	-2.33221935
  1227	-2.33221941
  1228	-2.33221947
  1229	-2.33221954
  1230	-2.33221961
  1231	-2.33221968
  1232	-2.33221975
  1233	-2.33221983
  1234	-2.33221991
  1235	-2.33221999
  1236	-2.33222007
  1237	-2.33222016
  1238	-2.33222025
  1239	-2.33222034
  1240	-2.33222043
  1241	-2.33222053
  1242	-2.33222063
  1243	-2.33222074
  1244	-2.33222085
  1245	-2.33222096
  1246	-2.33222108
  1247	-2.33222121
  1248	-2.33222134
  1249	-2.33222147
  1250	-2.33222160
  1251	-2.33222174
  1252	-2.33222188
  1253	-2.33222203
  1254	-2.33222218
  1255	-2.33222233
  1256	-2.33222249
  1257	-2.33222264
  1258	-2.33222279
  1259	-2.33222294
  1260	-2.33222308
  1261	-2.33222323
  1262	-2.33222337
  1263	-2.33222352
  1264	-2.33222367
  1265	-2.33222383
  1266	-2.33222399
  1267	-2.33222415
  1268	-2.33222431
  1269	-2.33222447
  1270	-2.33222464
  1271	-2.33222480
  1272	-2.33222498
  1273	-2.33222516
  1274	-2.33222534
  1275	-2.33222553
  1276	-2.33222573
  1277	-2.33222594
  1278	-2.33222615
  1279	-2.33222636
  1280	-2.33222657
  1281	-2.33222679
  1282	-2.33222701
  1283	-2.33222724
  1284	-2.33222746
  1285	-2.33222770
  1286	-2.33222794
  1287	-2.33222818
  1288	-2.33222843
  1289	-2.33222868
  1290	-2.33222893
  1291	-2.33222919
  1292	-2.33222944
  1293	-2.33222969
  1294	-2.33222994
  1295	-2.33223017
  1296	-2.33223040
  1297	-2.33223062
  1298	-2.33223083
  1299	-2.33223103
  1300	-2.33223122
  1301	-2.33223140
  1302	-2.33223158
  1303	-2.33223174
  1304	-2.33223190
  1305	-2.33223205
  1306	-2.33223218
  1307	-2.33223230
  1308	-2.33223242
  1309	-2.33223252
  1310	-2.33223262
  1311	-2.33223271
  1312	-2.33223279
  1313	-2.33223286
  1314	-2.33223292
  1315	-2.33223298
  1316	-2.33223303
  1317	-2.33223306
  1318	-2.33223310
  1319	-2.33223313
  1320	-2.33223315
  1321	-2.33223317
  1322	-2.33223319
  1323	-2.33223320
  1324	-2.33223320
  1325	-2.33223320
  1326	-2.33223319
  1327	-2.33223318
  1328	-2.33223315
  1329	-2.33223312
  1330	-2.33223308
  1331	-2.33223304
  1332	-2.33223299
  1333	-2.33223293
  1334	-2.33223287
  1335	-2.33223280
  1336	-2.33223273
  1337	-2.33223265
  1338	-2.33223257
  1339	-2.33223248
  1340	-2.33223240
  1341	-2.33223230
  1342	-2.33223220
  1343	-2.33223210
  1344	-2.33223199
  1345	-2.33223188
  1346	-2.33223177
  1347	-2.33223165
  1348	-2.33223153
  1349	-2.33223142
  1350	-2.33223131
  1351	-2.33223120
  1352	-2.33223110
  1353	-2.33223100
  1354	-2.33223091
  1355	-2.33223081
  1356	-2.33223073
  1357	-2.33223064
  1358	-2.33223057
  1359	-2.33223050
  1360	-2.33223045
  1361	-2.33223041
  1362	-2.33223038
  1363	-2.33223036
  1364	-2.33223035
  1365	-2.33223036
  1366	-2.33223038
  1367	-2.33223041
  1368	-2.33223045
  1369	-2.33223050
  1370	-2.33223057
  1371	-2.33223065
  1372	-2.33223075
  1373	-2.33223087
  1374	-2.33223099
  1375	-2.33223113
  1376	-2.33223128
  1377	-2.33223144
  1378	-2.33223160
  1379	-2.33223178
  1380	-2.33223196
  1381	-2.33223215
  1382	-2.33223235
  1383	-2.33223255
  1384	-2.33223275
  1385	-2.33223296
  1386	-2.33223317
  1387	-2.33223339
  1388	-2.33223360
  1389	-2.33223381
  1390	-2.33223403
  1391	-2.33223423
  1392	-2.33223443
  1393	-2.33223463
  1394	-2.33223482
  1395	-2.33223501
  1396	-2.33223519
  1397	-2.33223538
  1398	-2.33223555
  1399	-2.33223573
  1400	-2.33223589
  1401	-2.33223605
  1402	-2.33223621
  1403	-2.33223635
  1404	-2.33223649
  1405	-2.33223662
  1406	-2.33223675
  1407	-2.33223687
  1408	-2.33223698
  1409	-2.33223708
  1410	-2.33223716
  1411	-2.33223724
  1412	-2.33223730
  1413	-2.33223735
  1414	-2.33223740
  1415	-2.33223743
  1416	-2.33223745
  1417	-2.33223747
  1418	-2.33223747
  1419	-2.33223746
  1420	-2.33223744
  1421	-2.33223741
  1422	-2.33223737
  1423	-2.33223731
  1424	-2.33223725
  1425	-2.33223717
  1426	-2.33223707
  1427	-2.33223697
  1428	-2.33223686
  1429	-2.33223674
  1430	-2.33223661
  1431	-2.33223648
  1432	-2.33223634
  1433	-2.33223619
  1434	-2.33223604
  1435	-2.33223589
  1436	-2.33223573
  1437	-2.33223557
  1438	-2.33223541
  1439	-2.33223524
  1440	-2.33223506
  1441	-2.33223489
  1442	-2.33223470
  1443	-2.33223452
  1444	-2.33223435
  1445	-2.33223417
  1446	-2.33223400
  1447	-2.33223384
  1448	-2.33223369
  1449	-2.33223355
  1450	-2.33223342
  1451	-2.33223330
  1452	-2.33223319
  1453	-2.33223308
  1454	-2.33223299
  1455	-2.33223290
  1456	-2.33223283
  1457	-2.33223277
  1458	-2.33223272
  1459	-2.33223268
  1460	-2.33223267
  1461	-2.33223266
  1462	-2.33223267
  1463	-2.33223269
  1464	-2.33223272
  1465	-2.33223276
  1466	-2.33223283
  1467	-2.33223290
  1468	-2.33223299
  1469	-2.33223310
  1470	-2.33223322
  1471	-2.33223336
  1472	-2.33223351
  1473	-2.33223368
  1474	-2.33223387
  1475	-2.33223408
  1476	-2.33223430
  1477	-2.33223454
  1478	-2.33223480
  1479	-2.33223507
  1480	-2.33223536
  1481	-2.33223566
  1482	-2.33223598
  1483	-2.33223631
  1484	-2.33223666
  1485	-2.33223702
  1486	-2.33223740
  1487	-2.33223777
  1488	-2.33223816
  1489	-2.33223854
  1490	-2.33223893
  1491	-2.33223933
  1492	-2.33223972
  1493	-2.33224012
  1494	-2.33224053
  1495	-2.33224093
  1496	-2.33224134
  1497	-2.33224175
  1498	-2.33224215
  1499	-2.33224255
  1500	-2.33224295
  1501	-2.33224335
  1502	-2.33224374
  1503	-2.33224413
  1504	-2.33224451
  1505	-2.33224489
  1506	-2.33224527
  1507	-2.33224564
  1508	-2.33224600
  1509	-2.33224635
  1510	-2.33224670
  1511	-2.33224704
  1512	-2.33224736
  1513	-2.33224768
  1514	-2.33224798
  1515	-2.33224827
  1516	-2.33224855
  1517	-2.33224881
  1518	-2.33224906
  1519	-2.33224929
  1520	-2.33224951
  1521	-2.33224971
  1522	-2.33224990
  1523	-2.33225008
  1524	-2.33225024
  1525	-2.33225040
  1526	-2.33225056
  1527	-2.33225070
  1528	-2.33225083
  1529	-2.33225096
  1530	-2.33225108
  1531	-2.33225120
  1532	-2.33225131
  1533	-2.33225141
  1534	-2.33225151
  1535	-2.33225160
  1536	-2.33225169
  1537	-2.33225177
  1538	-2.33225184
  1539	-2.33225190
  1540	-2.33225196
  1541	-2.33225202
  1542	-2.33225208
  1543	-2.33225214
  1544	-2.33225220
  1545	-2.33225226
  1546	-2.33225232
  1547	-2.33225238
  1548	-2.33225243
  1549	-2.33225247
  1550	-2.33225251
  1551	-2.33225255
  1552	-2.33225258
  1553	-2.33225261
  1554	-2.33225265
  1555	-2.33225268
  1556	-2.33225271
  1557	-2.33225275
  1558	-2.33225279
  1559	-2.33225283
  1560	-2.33225287
  1561	-2.33225292
  1562	-2.33225298
  1563	-2.33225304
  1564	-2.33225310
  1565	-2.33225317
  1566	-2.33225325
  1567	-2.33225334
  1568	-2.33225344
  1569	-2.33225355
  1570	-2.33225366
  1571	-2.33225379
  1572	-2.33225392
  1573	-2.33225406
  1574	-2.33225420
  1575	-2.33225435
  1576	-2.33225451
  1577	-2.33225467
  1578	-2.33225484
  1579	-2.33225501
  1580	-2.33225519
  1581	-2.33225537
  1582	-2.33225555
  1583	-2.33225574
  1584	-2.33225592
  1585	-2.33225611
  1586	-2.33225629
  1587	-2.33225647
  1588	-2.33225665
  1589	-2.33225683
  1590	-2.33225701
  1591	-2.33225719
  1592	-2.33225736
  1593	-2.33225753
  1594	-2.33225770
  1595	-2.33225786
  1596	-2.33225802
  1597	-2.33225818
  1598	-2.33225833
  1599	-2.33225847
  1600	-2.33225861
  1601	-2.33225875
  1602	-2.33225888
  1603	-2.33225901
  1604	-2.33225913
  1605	-2.33225925
  1606	-2.33225935
  1607	-2.33225944
  1608	-2.33225952
  1609	-2.33225959
  1610	-2.33225965
  1611	-2.33225970
  1612	-2.33225973
  1613	-2.33225974
  1614	-2.33225975
  1615	-2.33225973
  1616	-2.33225970
  1617	-2.33225965
  1618	-2.33225959
  1619	-2.33225951
  1620	-2.33225943
  1621	-2.33225932
  1622	-2.33225921
  1623	-2.33225909
  1624	-2.33225896
  1625	-2.33225881
  1626	-2.33225866
  1627	-2.33225849
  1628	-2.33225832
  1629	-2.33225814
  1630	-2.33225796
  1631	-2.33225776
  1632	-2.33225757
  1633	-2.33225736
  1634	-2.33225715
  1635	-2.33225694
  1636	-2.33225672
  1637	-2.33225650
  1638	-2.33225627
  1639	-2.33225605
  1640	-2.33225582
  1641	-2.33225560
  1642	-2.33225537
  1643	-2.33225514
  1644	-2.33225491
  1645	-2.33225468
  1646	-2.33225444
  1647	-2.33225419
  1648	-2.33225394
  1649	-2.33225369
  1650	-2.33225344
  1651	-2.33225319
  1652	-2.33225294
  1653	-2.33225269
  1654	-2.33225244
  1655	-2.33225220
  1656	-2.33225197
  1657	-2.33225174
  1658	-2.33225151
  1659	-2.33225130
  1660	-2.33225108
  1661	-2.33225087
  1662	-2.33225068
  1663	-2.33225049
  1664	-2.33225031
  1665	-2.33225015
  1666	-2.33225000
  1667	-2.33224987
  1668	-2.33224976
  1669	-2.33224966
  1670	-2.33224959
  1671	-2.33224952
  1672	-2.33224948
  1673	-2.33224945
  1674	-2.33224944
  1675	-2.33224945
  1676	-2.33224949
  1677	-2.33224955
  1678	-2.33224963
  1679	-2.33224973
  1680	-2.33224987
  1681	-2.33225002
  1682	-2.33225020
  1683	-2.33225040
  1684	-2.33225062
  1685	-2.33225087
  1686	-2.33225115
  1687	-2.33225144
  1688	-2.33225177
  1689	-2.33225212
  1690	-2.33225249
  1691	-2.33225288
  1692	-2.33225330
  1693	-2.33225373
  1694	-2.33225418
  1695	-2.33225464
  1696	-2.33225512
  1697	-2.33225561
  1698	-2.33225611
  1699	-2.33225662
  1700	-2.33225714
  1701	-2.33225766
  1702	-2.33225819
  1703	-2.33225872
  1704	-2.33225924
  1705	-2.33225977
  1706	-2.33226031
  1707	-2.33226084
  1708	-2.33226137
  1709	-2.33226190
  1710	-2.33226242
  1711	-2.33226294
  1712	-2.33226345
  1713	-2.33226396
  1714	-2.33226446
  1715	-2.33226494
  1716	-2.33226543
  1717	-2.33226590
  1718	-2.33226636
  1719	-2.33226682
  1720	-2.33226726
  1721	-2.33226769
  1722	-2.33226810
  1723	-2.33226850
  1724	-2.33226889
  1725	-2.33226926
  1726	-2.33226962
  1727	-2.33226996
  1728	-2.33227029
  1729	-2.33227061
  1730	-2.33227090
  1731	-2.33227118
  1732	-2.33227144
  1733	-2.33227169
  1734	-2.33227192
  1735	-2.33227214
  1736	-2.33227234
  1737	-2.33227253
  1738	-2.33227271
  1739	-2.33227287
  1740	-2.33227301
  1741	-2.33227313
  1742	-2.33227323
  1743	-2.33227333
  1744	-2.33227340
  1745	-2.33227347
  1746	-2.33227352
  1747	-2.33227357
  1748	-2.33227361
  1749	-2.33227365
  1750	-2.33227368
  1751	-2.33227370
  1752	-2.33227373
  1753	-2.33227375
  1754	-2.33227377
  1755	-2.33227380
  1756	-2.33227381
  1757	-2.33227383
  1758	-2.33227383
  1759	-2.33227384
  1760	-2.33227384
  1761	-2.33227385
  1762	-2.33227385
  1763	-2.33227386
  1764	-2.33227387
  1765	-2.33227388
  1766	-2.33227388
  1767	-2.33227388
  1768	-2.33227388
  1769	-2.33227387
  1770	-2.33227386
  1771	-2.33227384
  1772	-2.33227381
  1773	-2.33227378
  1774	-2.33227374
  1775	-2.33227369
  1776	-2.33227364
  1777	-2.33227358
  1778	-2.33227351
  1779	-2.33227344
  1780	-2.33227337
  1781	-2.33227328
  1782	-2.33227320
  1783	-2.33227311
  1784	-2.33227302
  1785	-2.33227293
  1786	-2.33227285
  1787	-2.33227276
  1788	-2.33227268
  1789	-2.33227259
  1790	-2.33227250
  1791	-2.33227242
  1792	-2.33227233
  1793	-2.33227224
  1794	-2.33227216
  1795	-2.33227207
  1796	-2.33227199
  1797	-2.33227191
  1798	-2.33227184
  1799	-2.33227176
  1800	-2.33227169
  1801	-2.33227161
  1802	-2.33227155
  1803	-2.33227149
  1804	-2.33227143
  1805	-2.33227138
  1806	-2.33227133
  1807	-2.33227129
  1808	-2.33227124
  1809	-2.33227120
  1810	-2.33227116
  1811	-2.33227112
  1812	-2.33227109
  1813	-2.33227106
  1814	-2.33227104
  1815	-2.33227103
  1816	-2.33227101
  1817	-2.33227101
  1818	-2.33227101
  1819	-2.33227102
  1820	-2.33227103
  1821	-2.33227105
  1822	-2.33227108
  1823	-2.33227112
  1824	-2.33227117
  1825	-2.33227122
  1826	-2.33227128
  1827	-2.33227134
  1828	-2.33227141
  1829	-2.33227148
  1830	-2.33227156
  1831	-2.33227164
  1832	-2.33227173
  1833	-2.33227183
  1834	-2.33227193
  1835	-2.33227204
  1836	-2.33227215
  1837	-2.33227228
  1838	-2.33227241
  1839	-2.33227255
  1840	-2.33227270
  1841	-2.33227285
  1842	-2.33227302
  1843	-2.33227319
  1844	-2.33227337
  1845	-2.33227356
  1846	-2.33227376
  1847	-2.33227398
  1848	-2.33227420
  1849	-2.33227444
  1850	-2.33227468
  1851	-2.33227493
  1852	-2.33227518
  1853	-2.33227543
  1854	-2.33227568
  1855	-2.33227593
  1856	-2.33227618
  1857	-2.33227643
  1858	-2.33227668
  1859	-2.33227694
  1860	-2.33227719
  1861	-2.33227746
  1862	-2.33227772
  1863	-2.33227798
  1864	-2.33227825
  1865	-2.33227851
  1866	-2.33227878
  1867	-2.33227904
  1868	-2.33227930
  1869	-2.33227957
  1870	-2.33227984
  1871	-2.33228012
  1872	-2.33228040
  1873	-2.33228068
  1874	-2.33228098
  1875	-2.33228127
  1876	-2.33228156
  1877	-2.33228185
  1878	-2.33228215
  1879	-2.33228245
  1880	-2.33228275
  1881	-2.33228305
  1882	-2.33228334
  1883	-2.33228364
  1884	-2.33228393
  1885	-2.33228422
  1886	-2.33228450
  1887	-2.33228476
  1888	-2.33228502
  1889	-2.33228527
  1890	-2.33228551
  1891	-2.33228574
  1892	-2.33228596
  1893	-2.33228616
  1894	-2.33228635
  1895	-2.33228652
  1896	-2.33228668
  1897	-2.33228682
  1898	-2.33228694
  1899	-2.33228704
  1900	-2.33228713
  1901	-2.33228720
  1902	-2.33228725
  1903	-2.33228729
  1904	-2.33228731
  1905	-2.33228732
  1906	-2.33228731
  1907	-2.33228728
  1908	-2.33228725
  1909	-2.33228721
  1910	-2.33228716
  1911	-2.33228711
  1912	-2.33228705
  1913	-2.33228699
  1914	-2.33228692
  1915	-2.33228685
  1916	-2.33228678
  1917	-2.33228670
  1918	-2.33228662
  1919	-2.33228654
  1920	-2.33228646
  1921	-2.33228637
  1922	-2.33228627
  1923	-2.33228617
  1924	-2.33228607
  1925	-2.33228596
  1926	-2.33228585
  1927	-2.33228572
  1928	-2.33228560
  1929	-2.33228546
  1930	-2.33228532
  1931	-2.33228518
  1932	-2.33228502
  1933	-2.33228487
  1934	-2.33228470
  1935	-2.33228452
  1936	-2.33228434
  1937	-2.33228416
  1938	-2.33228396
  1939	-2.33228376
  1940	-2.33228356
  1941	-2.33228335
  1942	-2.33228314
  1943	-2.33228294
  1944	-2.33228273
  1945	-2.33228253
  1946	-2.33228233
  1947	-2.33228214
  1948	-2.33228195
  1949	-2.33228177
  1950	-2.33228159
  1951	-2.33228141
  1952	-2.33228123
  1953	-2.33228107
  1954	-2.33228091
  1955	-2.33228076
  1956	-2.33228062
  1957	-2.33228050
  1958	-2.33228038
  1959	-2.33228028
  1960	-2.33228020
  1961	-2.33228012
  1962	-2.33228006
  1963	-2.33228001
  1964	-2.33227997
  1965	-2.33227994
  1966	-2.33227994
  1967	-2.33227995
  1968	-2.33227998
  1969	-2.33228003
  1970	-2.33228010
  1971	-2.33228020
  1972	-2.33228031
  1973	-2.33228044
  1974	-2.33228060
  1975	-2.33228077
  1976	-2.33228096
  1977	-2.33228118
  1978	-2.33228141
  1979	-2.33228166
  1980	-2.33228193
  1981	-2.33228221
  1982	-2.33228251
  1983	-2.33228282
  1984	-2.33228315
  1985	-2.33228349
  1986	-2.33228385
  1987	-2.33228423
  1988	-2.33228463
  1989	-2.33228505
  1990	-2.33228548
  1991	-2.33228593
  1992	-2.33228640
  1993	-2.33228688
  1994	-2.33228738
  1995	-2.33228790
  1996	-2.33228843
  1997	-2.33228897
  1998	-2.33228953
  1999	-2.33229009
  2000	-2.33229067
