     1	4.63 5.37
     2	4.63 5.37
     3	4.63 5.37
     4	4.63 5.37
     5	4.63 5.37
     6	4.63 5.37
     7	4.63 5.37
     8	4.63 5.37
     9	4.63 5.37
    10	4.63 5.37
    11	4.63 5.37
    12	4.63 5.37
    13	4.63 5.37
    14	4.63 5.37
    15	4.63 5.37
    16	4.63 5.37
    17	4.63 5.37
    18	4.63 5.37
    19	4.63 5.37
    20	4.63 5.37
    21	4.63 5.37
    22	4.63 5.37
    23	4.63 5.37
    24	4.63 5.37
    25	4.63 5.37
    26	4.63 5.37
    27	4.63 5.37
    28	4.63 5.37
    29	4.63 5.37
    30	4.63 5.37
    31	4.63 5.37
    32	4.63 5.37
    33	4.63 5.37
    34	4.63 5.37
    35	4.63 5.37
    36	4.63 5.37
    37	4.63 5.37
    38	4.63 5.37
    39	4.63 5.37
    40	4.63 5.37
    41	4.63 5.37
    42	4.63 5.37
    43	4.63 5.37
    44	4.63 5.37
    45	4.63 5.37
    46	4.63 5.37
    47	4.63 5.37
    48	4.63 5.37
    49	4.63 5.37
    50	4.63 5.37
    51	4.63 5.37
    52	4.63 5.37
    53	4.63 5.37
    54	4.63 5.37
    55	4.63 5.37
    56	4.63 5.37
    57	4.63 5.37
    58	4.63 5.37
    59	4.63 5.37
    60	4.63 5.37
    61	4.63 5.37
    62	4.63 5.37
    63	4.63 5.37
    64	4.63 5.37
    65	4.63 5.37
    66	4.63 5.37
    67	4.63 5.37
    68	4.63 5.37001
    69	4.63 5.37001
    70	4.63 5.37001
    71	4.63 5.37001
    72	4.63 5.37001
    73	4.63 5.37001
    74	4.62999 5.37001
    75	4.62999 5.37001
    76	4.62999 5.37001
    77	4.62999 5.37001
    78	4.62999 5.37001
    79	4.62999 5.37001
    80	4.62999 5.37001
    81	4.62999 5.37001
    82	4.62999 5.37001
    83	4.62999 5.37001
    84	4.62999 5.37001
    85	4.62999 5.37001
    86	4.62999 5.37001
    87	4.62999 5.37001
    88	4.62999 5.37001
    89	4.62999 5.37001
    90	4.62999 5.37001
    91	4.62999 5.37001
    92	4.62999 5.37001
    93	4.62999 5.37001
    94	4.62999 5.37001
    95	4.62999 5.37001
    96	4.62999 5.37001
    97	4.62999 5.37001
    98	4.62999 5.37001
    99	4.62999 5.37001
   100	4.62999 5.37001
   101	4.62999 5.37001
   102	4.62999 5.37001
   103	4.62999 5.37001
   104	4.62999 5.37001
   105	4.62999 5.37001
   106	4.62999 5.37001
   107	4.62999 5.37001
   108	4.62999 5.37001
   109	4.62999 5.37001
   110	4.62999 5.37001
   111	4.62999 5.37001
   112	4.62999 5.37001
   113	4.62999 5.37001
   114	4.62999 5.37001
   115	4.62999 5.37001
   116	4.62999 5.37001
   117	4.62999 5.37001
   118	4.62999 5.37001
   119	4.62999 5.37001
   120	4.62999 5.37001
   121	4.62999 5.37001
   122	4.62999 5.37002
   123	4.62999 5.37002
   124	4.62999 5.37002
   125	4.62998 5.37002
   126	4.62998 5.37002
   127	4.62998 5.37002
   128	4.62998 5.37002
   129	4.62998 5.37002
   130	4.62998 5.37002
   131	4.62998 5.37002
   132	4.62998 5.37002
   133	4.62998 5.37002
   134	4.62998 5.37002
   135	4.62998 5.37002
   136	4.62998 5.37002
   137	4.62998 5.37002
   138	4.62998 5.37002
   139	4.62998 5.37002
   140	4.62998 5.37002
   141	4.62998 5.37002
   142	4.62998 5.37002
   143	4.62998 5.37002
   144	4.62998 5.37002
   145	4.62998 5.37002
   146	4.62998 5.37002
   147	4.62998 5.37002
   148	4.62998 5.37002
   149	4.62998 5.37002
   150	4.62998 5.37002
   151	4.62998 5.37002
   152	4.62998 5.37002
   153	4.62998 5.37002
   154	4.62998 5.37002
   155	4.62998 5.37002
   156	4.62998 5.37002
   157	4.62998 5.37002
   158	4.62998 5.37003
   159	4.62998 5.37003
   160	4.62997 5.37003
   161	4.62997 5.37003
   162	4.62997 5.37003
   163	4.62997 5.37003
   164	4.62997 5.37003
   165	4.62997 5.37003
   166	4.62997 5.37003
   167	4.62997 5.37003
   168	4.62997 5.37003
   169	4.62997 5.37003
   170	4.62997 5.37003
   171	4.62997 5.37003
   172	4.62997 5.37003
   173	4.62997 5.37003
   174	4.62997 5.37003
   175	4.62997 5.37003
   176	4.62997 5.37003
   177	4.62997 5.37003
   178	4.62997 5.37003
   179	4.62997 5.37003
   180	4.62997 5.37003
   181	4.62997 5.37003
   182	4.62997 5.37003
   183	4.62997 5.37003
   184	4.62997 5.37003
   185	4.62997 5.37003
   186	4.62997 5.37003
   187	4.62997 5.37004
   188	4.62997 5.37004
   189	4.62996 5.37004
   190	4.62996 5.37004
   191	4.62996 5.37004
   192	4.62996 5.37004
   193	4.62996 5.37004
   194	4.62996 5.37004
   195	4.62996 5.37004
   196	4.62996 5.37004
   197	4.62996 5.37004
   198	4.62996 5.37004
   199	4.62996 5.37004
   200	4.62996 5.37004
   201	4.62996 5.37004
   202	4.62996 5.37004
   203	4.62996 5.37004
   204	4.62996 5.37004
   205	4.62996 5.37004
   206	4.62996 5.37004
   207	4.62996 5.37004
   208	4.62996 5.37004
   209	4.62996 5.37004
   210	4.62996 5.37004
   211	4.62996 5.37004
   212	4.62996 5.37005
   213	4.62996 5.37005
   214	4.62995 5.37005
   215	4.62995 5.37005
   216	4.62995 5.37005
   217	4.62995 5.37005
   218	4.62995 5.37005
   219	4.62995 5.37005
   220	4.62995 5.37005
   221	4.62995 5.37005
   222	4.62995 5.37005
   223	4.62995 5.37005
   224	4.62995 5.37005
   225	4.62995 5.37005
   226	4.62995 5.37005
   227	4.62995 5.37005
   228	4.62995 5.37005
   229	4.62995 5.37005
   230	4.62995 5.37005
   231	4.62995 5.37005
   232	4.62995 5.37005
   233	4.62995 5.37005
   234	4.62995 5.37005
   235	4.62995 5.37006
   236	4.62995 5.37006
   237	4.62994 5.37006
   238	4.62994 5.37006
   239	4.62994 5.37006
   240	4.62994 5.37006
   241	4.62994 5.37006
   242	4.62994 5.37006
   243	4.62994 5.37006
   244	4.62994 5.37006
   245	4.62994 5.37006
   246	4.62994 5.37006
   247	4.62994 5.37006
   248	4.62994 5.37006
   249	4.62994 5.37006
   250	4.62994 5.37006
   251	4.62994 5.37006
   252	4.62994 5.37006
   253	4.62994 5.37006
   254	4.62994 5.37006
   255	4.62994 5.37006
   256	4.62994 5.37007
   257	4.62993 5.37007
   258	4.62993 5.37007
   259	4.62993 5.37007
   260	4.62993 5.37007
   261	4.62993 5.37007
   262	4.62993 5.37007
   263	4.62993 5.37007
   264	4.62993 5.37007
   265	4.62993 5.37007
   266	4.62993 5.37007
   267	4.62993 5.37007
   268	4.62993 5.37007
   269	4.62993 5.37007
   270	4.62993 5.37007
   271	4.62993 5.37007
   272	4.62993 5.37007
   273	4.62993 5.37007
   274	4.62993 5.37007
   275	4.62993 5.37008
   276	4.62992 5.37008
   277	4.62992 5.37008
   278	4.62992 5.37008
   279	4.62992 5.37008
   280	4.62992 5.37008
   281	4.62992 5.37008
   282	4.62992 5.37008
   283	4.62992 5.37008
   284	4.62992 5.37008
   285	4.62992 5.37008
   286	4.62992 5.37008
   287	4.62992 5.37008
   288	4.62992 5.37008
   289	4.62992 5.37008
   290	4.62992 5.37008
   291	4.62992 5.37008
   292	4.62992 5.37008
   293	4.62992 5.37009
   294	4.62991 5.37009
   295	4.62991 5.37009
   296	4.62991 5.37009
   297	4.62991 5.37009
   298	4.62991 5.37009
   299	4.62991 5.37009
   300	4.62991 5.37009
   301	4.62991 5.37009
   302	4.62991 5.37009
   303	4.62991 5.37009
   304	4.62991 5.37009
   305	4.62991 5.37009
   306	4.62991 5.37009
   307	4.62991 5.37009
   308	4.62991 5.37009
   309	4.62991 5.37009
   310	4.62991 5.3701
   311	4.6299 5.3701
   312	4.6299 5.3701
   313	4.6299 5.3701
   314	4.6299 5.3701
   315	4.6299 5.3701
   316	4.6299 5.3701
   317	4.6299 5.3701
   318	4.6299 5.3701
   319	4.6299 5.3701
   320	4.6299 5.3701
   321	4.6299 5.3701
   322	4.6299 5.3701
   323	4.6299 5.3701
   324	4.6299 5.3701
   325	4.6299 5.3701
   326	4.6299 5.37011
   327	4.62989 5.37011
   328	4.62989 5.37011
   329	4.62989 5.37011
   330	4.62989 5.37011
   331	4.62989 5.37011
   332	4.62989 5.37011
   333	4.62989 5.37011
   334	4.62989 5.37011
   335	4.62989 5.37011
   336	4.62989 5.37011
   337	4.62989 5.37011
   338	4.62989 5.37011
   339	4.62989 5.37011
   340	4.62989 5.37011
   341	4.62989 5.37012
   342	4.62988 5.37012
   343	4.62988 5.37012
   344	4.62988 5.37012
   345	4.62988 5.37012
   346	4.62988 5.37012
   347	4.62988 5.37012
   348	4.62988 5.37012
   349	4.62988 5.37012
   350	4.62988 5.37012
   351	4.62988 5.37012
   352	4.62988 5.37012
   353	4.62988 5.37012
   354	4.62988 5.37012
   355	4.62988 5.37012
   356	4.62988 5.37013
   357	4.62987 5.37013
   358	4.62987 5.37013
   359	4.62987 5.37013
   360	4.62987 5.37013
   361	4.62987 5.37013
   362	4.62987 5.37013
   363	4.62987 5.37013
   364	4.62987 5.37013
   365	4.62987 5.37013
   366	4.62987 5.37013
   367	4.62987 5.37013
   368	4.62987 5.37013
   369	4.62987 5.37013
   370	4.62987 5.37014
   371	4.62986 5.37014
   372	4.62986 5.37014
   373	4.62986 5.37014
   374	4.62986 5.37014
   375	4.62986 5.37014
   376	4.62986 5.37014
   377	4.62986 5.37014
   378	4.62986 5.37014
   379	4.62986 5.37014
   380	4.62986 5.37014
   381	4.62986 5.37014
   382	4.62986 5.37014
   383	4.62986 5.37014
   384	4.62986 5.37015
   385	4.62985 5.37015
   386	4.62985 5.37015
   387	4.62985 5.37015
   388	4.62985 5.37015
   389	4.62985 5.37015
   390	4.62985 5.37015
   391	4.62985 5.37015
   392	4.62985 5.37015
   393	4.62985 5.37015
   394	4.62985 5.37015
   395	4.62985 5.37015
   396	4.62985 5.37015
   397	4.62985 5.37016
   398	4.62984 5.37016
   399	4.62984 5.37016
   400	4.62984 5.37016
   401	4.62984 5.37016
   402	4.62984 5.37016
   403	4.62984 5.37016
   404	4.62984 5.37016
   405	4.62984 5.37016
   406	4.62984 5.37016
   407	4.62984 5.37016
   408	4.62984 5.37016
   409	4.62984 5.37016
   410	4.62984 5.37017
   411	4.62983 5.37017
   412	4.62983 5.37017
   413	4.62983 5.37017
   414	4.62983 5.37017
   415	4.62983 5.37017
   416	4.62983 5.37017
   417	4.62983 5.37017
   418	4.62983 5.37017
   419	4.62983 5.37017
   420	4.62983 5.37017
   421	4.62983 5.37017
   422	4.62983 5.37018
   423	4.62982 5.37018
   424	4.62982 5.37018
   425	4.62982 5.37018
   426	4.62982 5.37018
   427	4.62982 5.37018
   428	4.62982 5.37018
   429	4.62982 5.37018
   430	4.62982 5.37018
   431	4.62982 5.37018
   432	4.62982 5.37018
   433	4.62982 5.37018
   434	4.62982 5.37018
   435	4.62982 5.37019
   436	4.62981 5.37019
   437	4.62981 5.37019
   438	4.62981 5.37019
   439	4.62981 5.37019
   440	4.62981 5.37019
   441	4.62981 5.37019
   442	4.62981 5.37019
   443	4.62981 5.37019
   444	4.62981 5.37019
   445	4.62981 5.37019
   446	4.62981 5.3702
   447	4.6298 5.3702
   448	4.6298 5.3702
   449	4.6298 5.3702
   450	4.6298 5.3702
   451	4.6298 5.3702
   452	4.6298 5.3702
   453	4.6298 5.3702
   454	4.6298 5.3702
   455	4.6298 5.3702
   456	4.6298 5.3702
   457	4.6298 5.3702
   458	4.6298 5.37021
   459	4.62979 5.37021
   460	4.62979 5.37021
   461	4.62979 5.37021
   462	4.62979 5.37021
   463	4.62979 5.37021
   464	4.62979 5.37021
   465	4.62979 5.37021
   466	4.62979 5.37021
   467	4.62979 5.37021
   468	4.62979 5.37021
   469	4.62979 5.37022
   470	4.62978 5.37022
   471	4.62978 5.37022
   472	4.62978 5.37022
   473	4.62978 5.37022
   474	4.62978 5.37022
   475	4.62978 5.37022
   476	4.62978 5.37022
   477	4.62978 5.37022
   478	4.62978 5.37022
   479	4.62978 5.37022
   480	4.62978 5.37023
   481	4.62977 5.37023
   482	4.62977 5.37023
   483	4.62977 5.37023
   484	4.62977 5.37023
   485	4.62977 5.37023
   486	4.62977 5.37023
   487	4.62977 5.37023
   488	4.62977 5.37023
   489	4.62977 5.37023
   490	4.62977 5.37023
   491	4.62977 5.37024
   492	4.62976 5.37024
   493	4.62976 5.37024
   494	4.62976 5.37024
   495	4.62976 5.37024
   496	4.62976 5.37024
   497	4.62976 5.37024
   498	4.62976 5.37024
   499	4.62976 5.37024
   500	4.62976 5.37024
   501	4.62976 5.37024
   502	4.62976 5.37025
   503	4.62975 5.37025
   504	4.62975 5.37025
   505	4.62975 5.37025
   506	4.62975 5.37025
   507	4.62975 5.37025
   508	4.62975 5.37025
   509	4.62975 5.37025
   510	4.62975 5.37025
   511	4.62975 5.37025
   512	4.62975 5.37026
   513	4.62974 5.37026
   514	4.62974 5.37026
   515	4.62974 5.37026
   516	4.62974 5.37026
   517	4.62974 5.37026
   518	4.62974 5.37026
   519	4.62974 5.37026
   520	4.62974 5.37026
   521	4.62974 5.37026
   522	4.62974 5.37027
   523	4.62973 5.37027
   524	4.62973 5.37027
   525	4.62973 5.37027
   526	4.62973 5.37027
   527	4.62973 5.37027
   528	4.62973 5.37027
   529	4.62973 5.37027
   530	4.62973 5.37027
   531	4.62973 5.37027
   532	4.62973 5.37028
   533	4.62972 5.37028
   534	4.62972 5.37028
   535	4.62972 5.37028
   536	4.62972 5.37028
   537	4.62972 5.37028
   538	4.62972 5.37028
   539	4.62972 5.37028
   540	4.62972 5.37028
   541	4.62972 5.37028
   542	4.62972 5.37029
   543	4.62971 5.37029
   544	4.62971 5.37029
   545	4.62971 5.37029
   546	4.62971 5.37029
   547	4.62971 5.37029
   548	4.62971 5.37029
   549	4.62971 5.37029
   550	4.62971 5.37029
   551	4.62971 5.37029
   552	4.62971 5.3703
   553	4.6297 5.3703
   554	4.6297 5.3703
   555	4.6297 5.3703
   556	4.6297 5.3703
   557	4.6297 5.3703
   558	4.6297 5.3703
   559	4.6297 5.3703
   560	4.6297 5.3703
   561	4.6297 5.3703
   562	4.62969 5.37031
   563	4.62969 5.37031
   564	4.62969 5.37031
   565	4.62969 5.37031
   566	4.62969 5.37031
   567	4.62969 5.37031
   568	4.62969 5.37031
   569	4.62969 5.37031
   570	4.62969 5.37031
   571	4.62969 5.37032
   572	4.62968 5.37032
   573	4.62968 5.37032
   574	4.62968 5.37032
   575	4.62968 5.37032
   576	4.62968 5.37032
   577	4.62968 5.37032
   578	4.62968 5.37032
   579	4.62968 5.37032
   580	4.62968 5.37033
   581	4.62967 5.37033
   582	4.62967 5.37033
   583	4.62967 5.37033
   584	4.62967 5.37033
   585	4.62967 5.37033
   586	4.62967 5.37033
   587	4.62967 5.37033
   588	4.62967 5.37033
   589	4.62967 5.37034
   590	4.62966 5.37034
   591	4.62966 5.37034
   592	4.62966 5.37034
   593	4.62966 5.37034
   594	4.62966 5.37034
   595	4.62966 5.37034
   596	4.62966 5.37034
   597	4.62966 5.37034
   598	4.62966 5.37034
   599	4.62965 5.37035
   600	4.62965 5.37035
   601	4.62965 5.37035
   602	4.62965 5.37035
   603	4.62965 5.37035
   604	4.62965 5.37035
   605	4.62965 5.37035
   606	4.62965 5.37035
   607	4.62965 5.37036
   608	4.62964 5.37036
   609	4.62964 5.37036
   610	4.62964 5.37036
   611	4.62964 5.37036
   612	4.62964 5.37036
   613	4.62964 5.37036
   614	4.62964 5.37036
   615	4.62964 5.37036
   616	4.62964 5.37037
   617	4.62963 5.37037
   618	4.62963 5.37037
   619	4.62963 5.37037
   620	4.62963 5.37037
   621	4.62963 5.37037
   622	4.62963 5.37037
   623	4.62963 5.37037
   624	4.62963 5.37037
   625	4.62963 5.37038
   626	4.62962 5.37038
   627	4.62962 5.37038
   628	4.62962 5.37038
   629	4.62962 5.37038
   630	4.62962 5.37038
   631	4.62962 5.37038
   632	4.62962 5.37038
   633	4.62962 5.37038
   634	4.62961 5.37039
   635	4.62961 5.37039
   636	4.62961 5.37039
   637	4.62961 5.37039
   638	4.62961 5.37039
   639	4.62961 5.37039
   640	4.62961 5.37039
   641	4.62961 5.37039
   642	4.62961 5.3704
   643	4.6296 5.3704
   644	4.6296 5.3704
   645	4.6296 5.3704
   646	4.6296 5.3704
   647	4.6296 5.3704
   648	4.6296 5.3704
   649	4.6296 5.3704
   650	4.6296 5.3704
   651	4.62959 5.37041
   652	4.62959 5.37041
   653	4.62959 5.37041
   654	4.62959 5.37041
   655	4.62959 5.37041
   656	4.62959 5.37041
   657	4.62959 5.37041
   658	4.62959 5.37041
   659	4.62959 5.37042
   660	4.62958 5.37042
   661	4.62958 5.37042
   662	4.62958 5.37042
   663	4.62958 5.37042
   664	4.62958 5.37042
   665	4.62958 5.37042
   666	4.62958 5.37042
   667	4.62958 5.37043
   668	4.62957 5.37043
   669	4.62957 5.37043
   670	4.62957 5.37043
   671	4.62957 5.37043
   672	4.62957 5.37043
   673	4.62957 5.37043
   674	4.62957 5.37043
   675	4.62957 5.37044
   676	4.62956 5.37044
   677	4.62956 5.37044
   678	4.62956 5.37044
   679	4.62956 5.37044
   680	4.62956 5.37044
   681	4.62956 5.37044
   682	4.62956 5.37044
   683	4.62956 5.37045
   684	4.62955 5.37045
   685	4.62955 5.37045
   686	4.62955 5.37045
   687	4.62955 5.37045
   688	4.62955 5.37045
   689	4.62955 5.37045
   690	4.62955 5.37045
   691	4.62955 5.37046
   692	4.62954 5.37046
   693	4.62954 5.37046
   694	4.62954 5.37046
   695	4.62954 5.37046
   696	4.62954 5.37046
   697	4.62954 5.37046
   698	4.62954 5.37046
   699	4.62954 5.37047
   700	4.62953 5.37047
   701	4.62953 5.37047
   702	4.62953 5.37047
   703	4.62953 5.37047
   704	4.62953 5.37047
   705	4.62953 5.37047
   706	4.62953 5.37047
   707	4.62953 5.37048
   708	4.62952 5.37048
   709	4.62952 5.37048
   710	4.62952 5.37048
   711	4.62952 5.37048
   712	4.62952 5.37048
   713	4.62952 5.37048
   714	4.62952 5.37048
   715	4.62952 5.37049
   716	4.62951 5.37049
   717	4.62951 5.37049
   718	4.62951 5.37049
   719	4.62951 5.37049
   720	4.62951 5.37049
   721	4.62951 5.37049
   722	4.62951 5.37049
   723	4.6295 5.3705
   724	4.6295 5.3705
   725	4.6295 5.3705
   726	4.6295 5.3705
   727	4.6295 5.3705
   728	4.6295 5.3705
   729	4.6295 5.3705
   730	4.6295 5.37051
   731	4.62949 5.37051
   732	4.62949 5.37051
   733	4.62949 5.37051
   734	4.62949 5.37051
   735	4.62949 5.37051
   736	4.62949 5.37051
   737	4.62949 5.37051
   738	4.62949 5.37052
   739	4.62948 5.37052
   740	4.62948 5.37052
   741	4.62948 5.37052
   742	4.62948 5.37052
   743	4.62948 5.37052
   744	4.62948 5.37052
   745	4.62948 5.37053
   746	4.62947 5.37053
   747	4.62947 5.37053
   748	4.62947 5.37053
   749	4.62947 5.37053
   750	4.62947 5.37053
   751	4.62947 5.37053
   752	4.62947 5.37053
   753	4.62947 5.37054
   754	4.62946 5.37054
   755	4.62946 5.37054
   756	4.62946 5.37054
   757	4.62946 5.37054
   758	4.62946 5.37054
   759	4.62946 5.37054
   760	4.62946 5.37055
   761	4.62945 5.37055
   762	4.62945 5.37055
   763	4.62945 5.37055
   764	4.62945 5.37055
   765	4.62945 5.37055
   766	4.62945 5.37055
   767	4.62945 5.37055
   768	4.62944 5.37056
   769	4.62944 5.37056
   770	4.62944 5.37056
   771	4.62944 5.37056
   772	4.62944 5.37056
   773	4.62944 5.37056
   774	4.62944 5.37056
   775	4.62944 5.37057
   776	4.62943 5.37057
   777	4.62943 5.37057
   778	4.62943 5.37057
   779	4.62943 5.37057
   780	4.62943 5.37057
   781	4.62943 5.37057
   782	4.62943 5.37058
   783	4.62942 5.37058
   784	4.62942 5.37058
   785	4.62942 5.37058
   786	4.62942 5.37058
   787	4.62942 5.37058
   788	4.62942 5.37058
   789	4.62942 5.37058
   790	4.62941 5.37059
   791	4.62941 5.37059
   792	4.62941 5.37059
   793	4.62941 5.37059
   794	4.62941 5.37059
   795	4.62941 5.37059
   796	4.62941 5.37059
   797	4.6294 5.3706
   798	4.6294 5.3706
   799	4.6294 5.3706
   800	4.6294 5.3706
   801	4.6294 5.3706
   802	4.6294 5.3706
   803	4.6294 5.3706
   804	4.62939 5.37061
   805	4.62939 5.37061
   806	4.62939 5.37061
   807	4.62939 5.37061
   808	4.62939 5.37061
   809	4.62939 5.37061
   810	4.62939 5.37061
   811	4.62938 5.37062
   812	4.62938 5.37062
   813	4.62938 5.37062
   814	4.62938 5.37062
   815	4.62938 5.37062
   816	4.62938 5.37062
   817	4.62938 5.37062
   818	4.62937 5.37063
   819	4.62937 5.37063
   820	4.62937 5.37063
   821	4.62937 5.37063
   822	4.62937 5.37063
   823	4.62937 5.37063
   824	4.62937 5.37063
   825	4.62936 5.37064
   826	4.62936 5.37064
   827	4.62936 5.37064
   828	4.62936 5.37064
   829	4.62936 5.37064
   830	4.62936 5.37064
   831	4.62936 5.37064
   832	4.62935 5.37065
   833	4.62935 5.37065
   834	4.62935 5.37065
   835	4.62935 5.37065
   836	4.62935 5.37065
   837	4.62935 5.37065
   838	4.62935 5.37065
   839	4.62934 5.37066
   840	4.62934 5.37066
   841	4.62934 5.37066
   842	4.62934 5.37066
   843	4.62934 5.37066
   844	4.62934 5.37066
   845	4.62934 5.37066
   846	4.62933 5.37067
   847	4.62933 5.37067
   848	4.62933 5.37067
   849	4.62933 5.37067
   850	4.62933 5.37067
   851	4.62933 5.37067
   852	4.62933 5.37068
   853	4.62932 5.37068
   854	4.62932 5.37068
   855	4.62932 5.37068
   856	4.62932 5.37068
   857	4.62932 5.37068
   858	4.62932 5.37068
   859	4.62932 5.37069
   860	4.62931 5.37069
   861	4.62931 5.37069
   862	4.62931 5.37069
   863	4.62931 5.37069
   864	4.62931 5.37069
   865	4.62931 5.37069
   866	4.6293 5.3707
   867	4.6293 5.3707
   868	4.6293 5.3707
   869	4.6293 5.3707
   870	4.6293 5.3707
   871	4.6293 5.3707
   872	4.6293 5.3707
   873	4.62929 5.37071
   874	4.62929 5.37071
   875	4.62929 5.37071
   876	4.62929 5.37071
   877	4.62929 5.37071
   878	4.62929 5.37071
   879	4.62929 5.37072
   880	4.62928 5.37072
   881	4.62928 5.37072
   882	4.62928 5.37072
   883	4.62928 5.37072
   884	4.62928 5.37072
   885	4.62928 5.37072
   886	4.62927 5.37073
   887	4.62927 5.37073
   888	4.62927 5.37073
   889	4.62927 5.37073
   890	4.62927 5.37073
   891	4.62927 5.37073
   892	4.62927 5.37074
   893	4.62926 5.37074
   894	4.62926 5.37074
   895	4.62926 5.37074
   896	4.62926 5.37074
   897	4.62926 5.37074
   898	4.62926 5.37074
   899	4.62926 5.37075
   900	4.62925 5.37075
   901	4.62925 5.37075
   902	4.62925 5.37075
   903	4.62925 5.37075
   904	4.62925 5.37075
   905	4.62925 5.37075
   906	4.62924 5.37076
   907	4.62924 5.37076
   908	4.62924 5.37076
   909	4.62924 5.37076
   910	4.62924 5.37076
   911	4.62924 5.37076
   912	4.62924 5.37077
   913	4.62923 5.37077
   914	4.62923 5.37077
   915	4.62923 5.37077
   916	4.62923 5.37077
   917	4.62923 5.37077
   918	4.62923 5.37077
   919	4.62922 5.37078
   920	4.62922 5.37078
   921	4.62922 5.37078
   922	4.62922 5.37078
   923	4.62922 5.37078
   924	4.62922 5.37078
   925	4.62921 5.37079
   926	4.62921 5.37079
   927	4.62921 5.37079
   928	4.62921 5.37079
   929	4.62921 5.37079
   930	4.62921 5.37079
   931	4.62921 5.3708
   932	4.6292 5.3708
   933	4.6292 5.3708
   934	4.6292 5.3708
   935	4.6292 5.3708
   936	4.6292 5.3708
   937	4.6292 5.3708
   938	4.62919 5.37081
   939	4.62919 5.37081
   940	4.62919 5.37081
   941	4.62919 5.37081
   942	4.62919 5.37081
   943	4.62919 5.37081
   944	4.62919 5.37082
   945	4.62918 5.37082
   946	4.62918 5.37082
   947	4.62918 5.37082
   948	4.62918 5.37082
   949	4.62918 5.37082
   950	4.62918 5.37083
   951	4.62917 5.37083
   952	4.62917 5.37083
   953	4.62917 5.37083
   954	4.62917 5.37083
   955	4.62917 5.37083
   956	4.62917 5.37083
   957	4.62916 5.37084
   958	4.62916 5.37084
   959	4.62916 5.37084
   960	4.62916 5.37084
   961	4.62916 5.37084
   962	4.62916 5.37084
   963	4.62915 5.37085
   964	4.62915 5.37085
   965	4.62915 5.37085
   966	4.62915 5.37085
   967	4.62915 5.37085
   968	4.62915 5.37085
   969	4.62915 5.37086
   970	4.62914 5.37086
   971	4.62914 5.37086
   972	4.62914 5.37086
   973	4.62914 5.37086
   974	4.62914 5.37086
   975	4.62914 5.37087
   976	4.62913 5.37087
   977	4.62913 5.37087
   978	4.62913 5.37087
   979	4.62913 5.37087
   980	4.62913 5.37087
   981	4.62913 5.37087
   982	4.62912 5.37088
   983	4.62912 5.37088
   984	4.62912 5.37088
   985	4.62912 5.37088
   986	4.62912 5.37088
   987	4.62912 5.37088
   988	4.62911 5.37089
   989	4.62911 5.37089
   990	4.62911 5.37089
   991	4.62911 5.37089
   992	4.62911 5.37089
   993	4.62911 5.37089
   994	4.62911 5.3709
   995	4.6291 5.3709
   996	4.6291 5.3709
   997	4.6291 5.3709
   998	4.6291 5.3709
   999	4.6291 5.3709
  1000	4.6291 5.37091
  1001	4.62909 5.37091
  1002	4.62909 5.37091
  1003	4.62909 5.37091
  1004	4.62909 5.37091
  1005	4.62909 5.37091
  1006	4.62909 5.37092
  1007	4.62908 5.37092
  1008	4.62908 5.37092
  1009	4.62908 5.37092
  1010	4.62908 5.37092
  1011	4.62908 5.37092
  1012	4.62908 5.37093
  1013	4.62907 5.37093
  1014	4.62907 5.37093
  1015	4.62907 5.37093
  1016	4.62907 5.37093
  1017	4.62907 5.37093
  1018	4.62907 5.37094
  1019	4.62906 5.37094
  1020	4.62906 5.37094
  1021	4.62906 5.37094
  1022	4.62906 5.37094
  1023	4.62906 5.37094
  1024	4.62906 5.37095
  1025	4.62905 5.37095
  1026	4.62905 5.37095
  1027	4.62905 5.37095
  1028	4.62905 5.37095
  1029	4.62905 5.37095
  1030	4.62905 5.37095
  1031	4.62904 5.37096
  1032	4.62904 5.37096
  1033	4.62904 5.37096
  1034	4.62904 5.37096
  1035	4.62904 5.37096
  1036	4.62904 5.37096
  1037	4.62903 5.37097
  1038	4.62903 5.37097
  1039	4.62903 5.37097
  1040	4.62903 5.37097
  1041	4.62903 5.37097
  1042	4.62903 5.37097
  1043	4.62902 5.37098
  1044	4.62902 5.37098
  1045	4.62902 5.37098
  1046	4.62902 5.37098
  1047	4.62902 5.37098
  1048	4.62902 5.37099
  1049	4.62901 5.37099
  1050	4.62901 5.37099
  1051	4.62901 5.37099
  1052	4.62901 5.37099
  1053	4.62901 5.37099
  1054	4.62901 5.371
  1055	4.629 5.371
  1056	4.629 5.371
  1057	4.629 5.371
  1058	4.629 5.371
  1059	4.629 5.371
  1060	4.629 5.37101
  1061	4.62899 5.37101
  1062	4.62899 5.37101
  1063	4.62899 5.37101
  1064	4.62899 5.37101
  1065	4.62899 5.37101
  1066	4.62899 5.37102
  1067	4.62898 5.37102
  1068	4.62898 5.37102
  1069	4.62898 5.37102
  1070	4.62898 5.37102
  1071	4.62898 5.37102
  1072	4.62898 5.37103
  1073	4.62897 5.37103
  1074	4.62897 5.37103
  1075	4.62897 5.37103
  1076	4.62897 5.37103
  1077	4.62897 5.37103
  1078	4.62897 5.37104
  1079	4.62896 5.37104
  1080	4.62896 5.37104
  1081	4.62896 5.37104
  1082	4.62896 5.37104
  1083	4.62896 5.37104
  1084	4.62895 5.37105
  1085	4.62895 5.37105
  1086	4.62895 5.37105
  1087	4.62895 5.37105
  1088	4.62895 5.37105
  1089	4.62895 5.37105
  1090	4.62894 5.37106
  1091	4.62894 5.37106
  1092	4.62894 5.37106
  1093	4.62894 5.37106
  1094	4.62894 5.37106
  1095	4.62894 5.37106
  1096	4.62893 5.37107
  1097	4.62893 5.37107
  1098	4.62893 5.37107
  1099	4.62893 5.37107
  1100	4.62893 5.37107
  1101	4.62893 5.37108
  1102	4.62892 5.37108
  1103	4.62892 5.37108
  1104	4.62892 5.37108
  1105	4.62892 5.37108
  1106	4.62892 5.37108
  1107	4.62892 5.37109
  1108	4.62891 5.37109
  1109	4.62891 5.37109
  1110	4.62891 5.37109
  1111	4.62891 5.37109
  1112	4.62891 5.37109
  1113	4.6289 5.3711
  1114	4.6289 5.3711
  1115	4.6289 5.3711
  1116	4.6289 5.3711
  1117	4.6289 5.3711
  1118	4.6289 5.3711
  1119	4.62889 5.37111
  1120	4.62889 5.37111
  1121	4.62889 5.37111
  1122	4.62889 5.37111
  1123	4.62889 5.37111
  1124	4.62889 5.37111
  1125	4.62888 5.37112
  1126	4.62888 5.37112
  1127	4.62888 5.37112
  1128	4.62888 5.37112
  1129	4.62888 5.37112
  1130	4.62888 5.37113
  1131	4.62887 5.37113
  1132	4.62887 5.37113
  1133	4.62887 5.37113
  1134	4.62887 5.37113
  1135	4.62887 5.37113
  1136	4.62887 5.37114
  1137	4.62886 5.37114
  1138	4.62886 5.37114
  1139	4.62886 5.37114
  1140	4.62886 5.37114
  1141	4.62886 5.37114
  1142	4.62885 5.37115
  1143	4.62885 5.37115
  1144	4.62885 5.37115
  1145	4.62885 5.37115
  1146	4.62885 5.37115
  1147	4.62885 5.37115
  1148	4.62884 5.37116
  1149	4.62884 5.37116
  1150	4.62884 5.37116
  1151	4.62884 5.37116
  1152	4.62884 5.37116
  1153	4.62884 5.37117
  1154	4.62883 5.37117
  1155	4.62883 5.37117
  1156	4.62883 5.37117
  1157	4.62883 5.37117
  1158	4.62883 5.37117
  1159	4.62882 5.37118
  1160	4.62882 5.37118
  1161	4.62882 5.37118
  1162	4.62882 5.37118
  1163	4.62882 5.37118
  1164	4.62882 5.37118
  1165	4.62881 5.37119
  1166	4.62881 5.37119
  1167	4.62881 5.37119
  1168	4.62881 5.37119
  1169	4.62881 5.37119
  1170	4.62881 5.3712
  1171	4.6288 5.3712
  1172	4.6288 5.3712
  1173	4.6288 5.3712
  1174	4.6288 5.3712
  1175	4.6288 5.3712
  1176	4.62879 5.37121
  1177	4.62879 5.37121
  1178	4.62879 5.37121
  1179	4.62879 5.37121
  1180	4.62879 5.37121
  1181	4.62879 5.37121
  1182	4.62878 5.37122
  1183	4.62878 5.37122
  1184	4.62878 5.37122
  1185	4.62878 5.37122
  1186	4.62878 5.37122
  1187	4.62878 5.37123
  1188	4.62877 5.37123
  1189	4.62877 5.37123
  1190	4.62877 5.37123
  1191	4.62877 5.37123
  1192	4.62877 5.37123
  1193	4.62876 5.37124
  1194	4.62876 5.37124
  1195	4.62876 5.37124
  1196	4.62876 5.37124
  1197	4.62876 5.37124
  1198	4.62876 5.37125
  1199	4.62875 5.37125
  1200	4.62875 5.37125
  1201	4.62875 5.37125
  1202	4.62875 5.37125
  1203	4.62875 5.37125
  1204	4.62874 5.37126
  1205	4.62874 5.37126
  1206	4.62874 5.37126
  1207	4.62874 5.37126
  1208	4.62874 5.37126
  1209	4.62874 5.37126
  1210	4.62873 5.37127
  1211	4.62873 5.37127
  1212	4.62873 5.37127
  1213	4.62873 5.37127
  1214	4.62873 5.37127
  1215	4.62873 5.37128
  1216	4.62872 5.37128
  1217	4.62872 5.37128
  1218	4.62872 5.37128
  1219	4.62872 5.37128
  1220	4.62872 5.37128
  1221	4.62871 5.37129
  1222	4.62871 5.37129
  1223	4.62871 5.37129
  1224	4.62871 5.37129
  1225	4.62871 5.37129
  1226	4.62871 5.3713
  1227	4.6287 5.3713
  1228	4.6287 5.3713
  1229	4.6287 5.3713
  1230	4.6287 5.3713
  1231	4.6287 5.3713
  1232	4.62869 5.37131
  1233	4.62869 5.37131
  1234	4.62869 5.37131
  1235	4.62869 5.37131
  1236	4.62869 5.37131
  1237	4.62869 5.37132
  1238	4.62868 5.37132
  1239	4.62868 5.37132
  1240	4.62868 5.37132
  1241	4.62868 5.37132
  1242	4.62868 5.37132
  1243	4.62867 5.37133
  1244	4.62867 5.37133
  1245	4.62867 5.37133
  1246	4.62867 5.37133
  1247	4.62867 5.37133
  1248	4.62867 5.37134
  1249	4.62866 5.37134
  1250	4.62866 5.37134
  1251	4.62866 5.37134
  1252	4.62866 5.37134
  1253	4.62866 5.37134
  1254	4.62865 5.37135
  1255	4.62865 5.37135
  1256	4.62865 5.37135
  1257	4.62865 5.37135
  1258	4.62865 5.37135
  1259	4.62865 5.37136
  1260	4.62864 5.37136
  1261	4.62864 5.37136
  1262	4.62864 5.37136
  1263	4.62864 5.37136
  1264	4.62864 5.37136
  1265	4.62863 5.37137
  1266	4.62863 5.37137
  1267	4.62863 5.37137
  1268	4.62863 5.37137
  1269	4.62863 5.37137
  1270	4.62863 5.37138
  1271	4.62862 5.37138
  1272	4.62862 5.37138
  1273	4.62862 5.37138
  1274	4.62862 5.37138
  1275	4.62862 5.37138
  1276	4.62861 5.37139
  1277	4.62861 5.37139
  1278	4.62861 5.37139
  1279	4.62861 5.37139
  1280	4.62861 5.37139
  1281	4.62861 5.3714
  1282	4.6286 5.3714
  1283	4.6286 5.3714
  1284	4.6286 5.3714
  1285	4.6286 5.3714
  1286	4.6286 5.3714
  1287	4.62859 5.37141
  1288	4.62859 5.37141
  1289	4.62859 5.37141
  1290	4.62859 5.37141
  1291	4.62859 5.37141
  1292	4.62859 5.37142
  1293	4.62858 5.37142
  1294	4.62858 5.37142
  1295	4.62858 5.37142
  1296	4.62858 5.37142
  1297	4.62858 5.37142
  1298	4.62857 5.37143
  1299	4.62857 5.37143
  1300	4.62857 5.37143
  1301	4.62857 5.37143
  1302	4.62857 5.37143
  1303	4.62857 5.37144
  1304	4.62856 5.37144
  1305	4.62856 5.37144
  1306	4.62856 5.37144
  1307	4.62856 5.37144
  1308	4.62856 5.37144
  1309	4.62855 5.37145
  1310	4.62855 5.37145
  1311	4.62855 5.37145
  1312	4.62855 5.37145
  1313	4.62855 5.37145
  1314	4.62855 5.37146
  1315	4.62854 5.37146
  1316	4.62854 5.37146
  1317	4.62854 5.37146
  1318	4.62854 5.37146
  1319	4.62854 5.37146
  1320	4.62853 5.37147
  1321	4.62853 5.37147
  1322	4.62853 5.37147
  1323	4.62853 5.37147
  1324	4.62853 5.37147
  1325	4.62852 5.37148
  1326	4.62852 5.37148
  1327	4.62852 5.37148
  1328	4.62852 5.37148
  1329	4.62852 5.37148
  1330	4.62852 5.37149
  1331	4.62851 5.37149
  1332	4.62851 5.37149
  1333	4.62851 5.37149
  1334	4.62851 5.37149
  1335	4.62851 5.37149
  1336	4.6285 5.3715
  1337	4.6285 5.3715
  1338	4.6285 5.3715
  1339	4.6285 5.3715
  1340	4.6285 5.3715
  1341	4.6285 5.37151
  1342	4.62849 5.37151
  1343	4.62849 5.37151
  1344	4.62849 5.37151
  1345	4.62849 5.37151
  1346	4.62849 5.37151
  1347	4.62848 5.37152
  1348	4.62848 5.37152
  1349	4.62848 5.37152
  1350	4.62848 5.37152
  1351	4.62848 5.37152
  1352	4.62848 5.37153
  1353	4.62847 5.37153
  1354	4.62847 5.37153
  1355	4.62847 5.37153
  1356	4.62847 5.37153
  1357	4.62847 5.37153
  1358	4.62846 5.37154
  1359	4.62846 5.37154
  1360	4.62846 5.37154
  1361	4.62846 5.37154
  1362	4.62846 5.37154
  1363	4.62845 5.37155
  1364	4.62845 5.37155
  1365	4.62845 5.37155
  1366	4.62845 5.37155
  1367	4.62845 5.37155
  1368	4.62845 5.37156
  1369	4.62844 5.37156
  1370	4.62844 5.37156
  1371	4.62844 5.37156
  1372	4.62844 5.37156
  1373	4.62844 5.37156
  1374	4.62843 5.37157
  1375	4.62843 5.37157
  1376	4.62843 5.37157
  1377	4.62843 5.37157
  1378	4.62843 5.37157
  1379	4.62843 5.37158
  1380	4.62842 5.37158
  1381	4.62842 5.37158
  1382	4.62842 5.37158
  1383	4.62842 5.37158
  1384	4.62842 5.37158
  1385	4.62841 5.37159
  1386	4.62841 5.37159
  1387	4.62841 5.37159
  1388	4.62841 5.37159
  1389	4.62841 5.37159
  1390	4.6284 5.3716
  1391	4.6284 5.3716
  1392	4.6284 5.3716
  1393	4.6284 5.3716
  1394	4.6284 5.3716
  1395	4.6284 5.37161
  1396	4.62839 5.37161
  1397	4.62839 5.37161
  1398	4.62839 5.37161
  1399	4.62839 5.37161
  1400	4.62839 5.37161
  1401	4.62838 5.37162
  1402	4.62838 5.37162
  1403	4.62838 5.37162
  1404	4.62838 5.37162
  1405	4.62838 5.37162
  1406	4.62837 5.37163
  1407	4.62837 5.37163
  1408	4.62837 5.37163
  1409	4.62837 5.37163
  1410	4.62837 5.37163
  1411	4.62837 5.37164
  1412	4.62836 5.37164
  1413	4.62836 5.37164
  1414	4.62836 5.37164
  1415	4.62836 5.37164
  1416	4.62836 5.37164
  1417	4.62835 5.37165
  1418	4.62835 5.37165
  1419	4.62835 5.37165
  1420	4.62835 5.37165
  1421	4.62835 5.37165
  1422	4.62835 5.37166
  1423	4.62834 5.37166
  1424	4.62834 5.37166
  1425	4.62834 5.37166
  1426	4.62834 5.37166
  1427	4.62834 5.37166
  1428	4.62833 5.37167
  1429	4.62833 5.37167
  1430	4.62833 5.37167
  1431	4.62833 5.37167
  1432	4.62833 5.37167
  1433	4.62832 5.37168
  1434	4.62832 5.37168
  1435	4.62832 5.37168
  1436	4.62832 5.37168
  1437	4.62832 5.37168
  1438	4.62832 5.37169
  1439	4.62831 5.37169
  1440	4.62831 5.37169
  1441	4.62831 5.37169
  1442	4.62831 5.37169
  1443	4.62831 5.37169
  1444	4.6283 5.3717
  1445	4.6283 5.3717
  1446	4.6283 5.3717
  1447	4.6283 5.3717
  1448	4.6283 5.3717
  1449	4.62829 5.37171
  1450	4.62829 5.37171
  1451	4.62829 5.37171
  1452	4.62829 5.37171
  1453	4.62829 5.37171
  1454	4.62829 5.37172
  1455	4.62828 5.37172
  1456	4.62828 5.37172
  1457	4.62828 5.37172
  1458	4.62828 5.37172
  1459	4.62828 5.37172
  1460	4.62827 5.37173
  1461	4.62827 5.37173
  1462	4.62827 5.37173
  1463	4.62827 5.37173
  1464	4.62827 5.37173
  1465	4.62827 5.37174
  1466	4.62826 5.37174
  1467	4.62826 5.37174
  1468	4.62826 5.37174
  1469	4.62826 5.37174
  1470	4.62826 5.37174
  1471	4.62825 5.37175
  1472	4.62825 5.37175
  1473	4.62825 5.37175
  1474	4.62825 5.37175
  1475	4.62825 5.37175
  1476	4.62824 5.37176
  1477	4.62824 5.37176
  1478	4.62824 5.37176
  1479	4.62824 5.37176
  1480	4.62824 5.37176
  1481	4.62824 5.37177
  1482	4.62823 5.37177
  1483	4.62823 5.37177
  1484	4.62823 5.37177
  1485	4.62823 5.37177
  1486	4.62823 5.37177
  1487	4.62822 5.37178
  1488	4.62822 5.37178
  1489	4.62822 5.37178
  1490	4.62822 5.37178
  1491	4.62822 5.37178
  1492	4.62821 5.37179
  1493	4.62821 5.37179
  1494	4.62821 5.37179
  1495	4.62821 5.37179
  1496	4.62821 5.37179
  1497	4.62821 5.3718
  1498	4.6282 5.3718
  1499	4.6282 5.3718
  1500	4.6282 5.3718
  1501	4.6282 5.3718
  1502	4.6282 5.3718
  1503	4.62819 5.37181
  1504	4.62819 5.37181
  1505	4.62819 5.37181
  1506	4.62819 5.37181
  1507	4.62819 5.37181
  1508	4.62818 5.37182
  1509	4.62818 5.37182
  1510	4.62818 5.37182
  1511	4.62818 5.37182
  1512	4.62818 5.37182
  1513	4.62818 5.37183
  1514	4.62817 5.37183
  1515	4.62817 5.37183
  1516	4.62817 5.37183
  1517	4.62817 5.37183
  1518	4.62817 5.37183
  1519	4.62816 5.37184
  1520	4.62816 5.37184
  1521	4.62816 5.37184
  1522	4.62816 5.37184
  1523	4.62816 5.37184
  1524	4.62816 5.37185
  1525	4.62815 5.37185
  1526	4.62815 5.37185
  1527	4.62815 5.37185
  1528	4.62815 5.37185
  1529	4.62815 5.37185
  1530	4.62814 5.37186
  1531	4.62814 5.37186
  1532	4.62814 5.37186
  1533	4.62814 5.37186
  1534	4.62814 5.37186
  1535	4.62813 5.37187
  1536	4.62813 5.37187
  1537	4.62813 5.37187
  1538	4.62813 5.37187
  1539	4.62813 5.37187
  1540	4.62813 5.37188
  1541	4.62812 5.37188
  1542	4.62812 5.37188
  1543	4.62812 5.37188
  1544	4.62812 5.37188
  1545	4.62812 5.37188
  1546	4.62811 5.37189
  1547	4.62811 5.37189
  1548	4.62811 5.37189
  1549	4.62811 5.37189
  1550	4.62811 5.37189
  1551	4.6281 5.3719
  1552	4.6281 5.3719
  1553	4.6281 5.3719
  1554	4.6281 5.3719
  1555	4.6281 5.3719
  1556	4.6281 5.37191
  1557	4.62809 5.37191
  1558	4.62809 5.37191
  1559	4.62809 5.37191
  1560	4.62809 5.37191
  1561	4.62809 5.37191
  1562	4.62808 5.37192
  1563	4.62808 5.37192
  1564	4.62808 5.37192
  1565	4.62808 5.37192
  1566	4.62808 5.37192
  1567	4.62808 5.37193
  1568	4.62807 5.37193
  1569	4.62807 5.37193
  1570	4.62807 5.37193
  1571	4.62807 5.37193
  1572	4.62807 5.37193
  1573	4.62806 5.37194
  1574	4.62806 5.37194
  1575	4.62806 5.37194
  1576	4.62806 5.37194
  1577	4.62806 5.37194
  1578	4.62805 5.37195
  1579	4.62805 5.37195
  1580	4.62805 5.37195
  1581	4.62805 5.37195
  1582	4.62805 5.37195
  1583	4.62805 5.37196
  1584	4.62804 5.37196
  1585	4.62804 5.37196
  1586	4.62804 5.37196
  1587	4.62804 5.37196
  1588	4.62804 5.37196
  1589	4.62803 5.37197
  1590	4.62803 5.37197
  1591	4.62803 5.37197
  1592	4.62803 5.37197
  1593	4.62803 5.37197
  1594	4.62803 5.37198
  1595	4.62802 5.37198
  1596	4.62802 5.37198
  1597	4.62802 5.37198
  1598	4.62802 5.37198
  1599	4.62802 5.37198
  1600	4.62801 5.37199
  1601	4.62801 5.37199
  1602	4.62801 5.37199
  1603	4.62801 5.37199
  1604	4.62801 5.37199
  1605	4.628 5.372
  1606	4.628 5.372
  1607	4.628 5.372
  1608	4.628 5.372
  1609	4.628 5.372
  1610	4.628 5.372
  1611	4.62799 5.37201
  1612	4.62799 5.37201
  1613	4.62799 5.37201
  1614	4.62799 5.37201
  1615	4.62799 5.37201
  1616	4.62798 5.37202
  1617	4.62798 5.37202
  1618	4.62798 5.37202
  1619	4.62798 5.37202
  1620	4.62798 5.37202
  1621	4.62798 5.37203
  1622	4.62797 5.37203
  1623	4.62797 5.37203
  1624	4.62797 5.37203
  1625	4.62797 5.37203
  1626	4.62797 5.37203
  1627	4.62796 5.37204
  1628	4.62796 5.37204
  1629	4.62796 5.37204
  1630	4.62796 5.37204
  1631	4.62796 5.37204
  1632	4.62796 5.37205
  1633	4.62795 5.37205
  1634	4.62795 5.37205
  1635	4.62795 5.37205
  1636	4.62795 5.37205
  1637	4.62795 5.37205
  1638	4.62794 5.37206
  1639	4.62794 5.37206
  1640	4.62794 5.37206
  1641	4.62794 5.37206
  1642	4.62794 5.37206
  1643	4.62794 5.37207
  1644	4.62793 5.37207
  1645	4.62793 5.37207
  1646	4.62793 5.37207
  1647	4.62793 5.37207
  1648	4.62793 5.37207
  1649	4.62792 5.37208
  1650	4.62792 5.37208
  1651	4.62792 5.37208
  1652	4.62792 5.37208
  1653	4.62792 5.37208
  1654	4.62791 5.37209
  1655	4.62791 5.37209
  1656	4.62791 5.37209
  1657	4.62791 5.37209
  1658	4.62791 5.37209
  1659	4.62791 5.37209
  1660	4.6279 5.3721
  1661	4.6279 5.3721
  1662	4.6279 5.3721
  1663	4.6279 5.3721
  1664	4.6279 5.3721
  1665	4.62789 5.37211
  1666	4.62789 5.37211
  1667	4.62789 5.37211
  1668	4.62789 5.37211
  1669	4.62789 5.37211
  1670	4.62789 5.37212
  1671	4.62788 5.37212
  1672	4.62788 5.37212
  1673	4.62788 5.37212
  1674	4.62788 5.37212
  1675	4.62788 5.37212
  1676	4.62787 5.37213
  1677	4.62787 5.37213
  1678	4.62787 5.37213
  1679	4.62787 5.37213
  1680	4.62787 5.37213
  1681	4.62787 5.37214
  1682	4.62786 5.37214
  1683	4.62786 5.37214
  1684	4.62786 5.37214
  1685	4.62786 5.37214
  1686	4.62786 5.37214
  1687	4.62785 5.37215
  1688	4.62785 5.37215
  1689	4.62785 5.37215
  1690	4.62785 5.37215
  1691	4.62785 5.37215
  1692	4.62785 5.37215
  1693	4.62784 5.37216
  1694	4.62784 5.37216
  1695	4.62784 5.37216
  1696	4.62784 5.37216
  1697	4.62784 5.37216
  1698	4.62783 5.37217
  1699	4.62783 5.37217
  1700	4.62783 5.37217
  1701	4.62783 5.37217
  1702	4.62783 5.37217
  1703	4.62783 5.37217
  1704	4.62782 5.37218
  1705	4.62782 5.37218
  1706	4.62782 5.37218
  1707	4.62782 5.37218
  1708	4.62782 5.37218
  1709	4.62782 5.37219
  1710	4.62781 5.37219
  1711	4.62781 5.37219
  1712	4.62781 5.37219
  1713	4.62781 5.37219
  1714	4.62781 5.37219
  1715	4.6278 5.3722
  1716	4.6278 5.3722
  1717	4.6278 5.3722
  1718	4.6278 5.3722
  1719	4.6278 5.3722
  1720	4.6278 5.37221
  1721	4.62779 5.37221
  1722	4.62779 5.37221
  1723	4.62779 5.37221
  1724	4.62779 5.37221
  1725	4.62779 5.37221
  1726	4.62778 5.37222
  1727	4.62778 5.37222
  1728	4.62778 5.37222
  1729	4.62778 5.37222
  1730	4.62778 5.37222
  1731	4.62778 5.37223
  1732	4.62777 5.37223
  1733	4.62777 5.37223
  1734	4.62777 5.37223
  1735	4.62777 5.37223
  1736	4.62777 5.37223
  1737	4.62776 5.37224
  1738	4.62776 5.37224
  1739	4.62776 5.37224
  1740	4.62776 5.37224
  1741	4.62776 5.37224
  1742	4.62776 5.37225
  1743	4.62775 5.37225
  1744	4.62775 5.37225
  1745	4.62775 5.37225
  1746	4.62775 5.37225
  1747	4.62775 5.37225
  1748	4.62774 5.37226
  1749	4.62774 5.37226
  1750	4.62774 5.37226
  1751	4.62774 5.37226
  1752	4.62774 5.37226
  1753	4.62774 5.37226
  1754	4.62773 5.37227
  1755	4.62773 5.37227
  1756	4.62773 5.37227
  1757	4.62773 5.37227
  1758	4.62773 5.37227
  1759	4.62773 5.37228
  1760	4.62772 5.37228
  1761	4.62772 5.37228
  1762	4.62772 5.37228
  1763	4.62772 5.37228
  1764	4.62772 5.37228
  1765	4.62771 5.37229
  1766	4.62771 5.37229
  1767	4.62771 5.37229
  1768	4.62771 5.37229
  1769	4.62771 5.37229
  1770	4.62771 5.37229
  1771	4.6277 5.3723
  1772	4.6277 5.3723
  1773	4.6277 5.3723
  1774	4.6277 5.3723
  1775	4.6277 5.3723
  1776	4.6277 5.37231
  1777	4.62769 5.37231
  1778	4.62769 5.37231
  1779	4.62769 5.37231
  1780	4.62769 5.37231
  1781	4.62769 5.37231
  1782	4.62768 5.37232
  1783	4.62768 5.37232
  1784	4.62768 5.37232
  1785	4.62768 5.37232
  1786	4.62768 5.37232
  1787	4.62768 5.37232
  1788	4.62767 5.37233
  1789	4.62767 5.37233
  1790	4.62767 5.37233
  1791	4.62767 5.37233
  1792	4.62767 5.37233
  1793	4.62767 5.37234
  1794	4.62766 5.37234
  1795	4.62766 5.37234
  1796	4.62766 5.37234
  1797	4.62766 5.37234
  1798	4.62766 5.37234
  1799	4.62765 5.37235
  1800	4.62765 5.37235
  1801	4.62765 5.37235
  1802	4.62765 5.37235
  1803	4.62765 5.37235
  1804	4.62765 5.37235
  1805	4.62764 5.37236
  1806	4.62764 5.37236
  1807	4.62764 5.37236
  1808	4.62764 5.37236
  1809	4.62764 5.37236
  1810	4.62764 5.37237
  1811	4.62763 5.37237
  1812	4.62763 5.37237
  1813	4.62763 5.37237
  1814	4.62763 5.37237
  1815	4.62763 5.37237
  1816	4.62763 5.37238
  1817	4.62762 5.37238
  1818	4.62762 5.37238
  1819	4.62762 5.37238
  1820	4.62762 5.37238
  1821	4.62762 5.37238
  1822	4.62761 5.37239
  1823	4.62761 5.37239
  1824	4.62761 5.37239
  1825	4.62761 5.37239
  1826	4.62761 5.37239
  1827	4.62761 5.37239
  1828	4.6276 5.3724
  1829	4.6276 5.3724
  1830	4.6276 5.3724
  1831	4.6276 5.3724
  1832	4.6276 5.3724
  1833	4.6276 5.37241
  1834	4.62759 5.37241
  1835	4.62759 5.37241
  1836	4.62759 5.37241
  1837	4.62759 5.37241
  1838	4.62759 5.37241
  1839	4.62759 5.37242
  1840	4.62758 5.37242
  1841	4.62758 5.37242
  1842	4.62758 5.37242
  1843	4.62758 5.37242
  1844	4.62758 5.37242
  1845	4.62757 5.37243
  1846	4.62757 5.37243
  1847	4.62757 5.37243
  1848	4.62757 5.37243
  1849	4.62757 5.37243
  1850	4.62757 5.37243
  1851	4.62756 5.37244
  1852	4.62756 5.37244
  1853	4.62756 5.37244
  1854	4.62756 5.37244
  1855	4.62756 5.37244
  1856	4.62756 5.37244
  1857	4.62755 5.37245
  1858	4.62755 5.37245
  1859	4.62755 5.37245
  1860	4.62755 5.37245
  1861	4.62755 5.37245
  1862	4.62755 5.37245
  1863	4.62754 5.37246
  1864	4.62754 5.37246
  1865	4.62754 5.37246
  1866	4.62754 5.37246
  1867	4.62754 5.37246
  1868	4.62754 5.37247
  1869	4.62753 5.37247
  1870	4.62753 5.37247
  1871	4.62753 5.37247
  1872	4.62753 5.37247
  1873	4.62753 5.37247
  1874	4.62753 5.37248
  1875	4.62752 5.37248
  1876	4.62752 5.37248
  1877	4.62752 5.37248
  1878	4.62752 5.37248
  1879	4.62752 5.37248
  1880	4.62752 5.37249
  1881	4.62751 5.37249
  1882	4.62751 5.37249
  1883	4.62751 5.37249
  1884	4.62751 5.37249
  1885	4.62751 5.37249
  1886	4.62751 5.3725
  1887	4.6275 5.3725
  1888	4.6275 5.3725
  1889	4.6275 5.3725
  1890	4.6275 5.3725
  1891	4.6275 5.3725
  1892	4.62749 5.37251
  1893	4.62749 5.37251
  1894	4.62749 5.37251
  1895	4.62749 5.37251
  1896	4.62749 5.37251
  1897	4.62749 5.37251
  1898	4.62748 5.37252
  1899	4.62748 5.37252
  1900	4.62748 5.37252
  1901	4.62748 5.37252
  1902	4.62748 5.37252
  1903	4.62748 5.37252
  1904	4.62747 5.37253
  1905	4.62747 5.37253
  1906	4.62747 5.37253
  1907	4.62747 5.37253
  1908	4.62747 5.37253
  1909	4.62747 5.37253
  1910	4.62746 5.37254
  1911	4.62746 5.37254
  1912	4.62746 5.37254
  1913	4.62746 5.37254
  1914	4.62746 5.37254
  1915	4.62746 5.37254
  1916	4.62745 5.37255
  1917	4.62745 5.37255
  1918	4.62745 5.37255
  1919	4.62745 5.37255
  1920	4.62745 5.37255
  1921	4.62745 5.37255
  1922	4.62744 5.37256
  1923	4.62744 5.37256
  1924	4.62744 5.37256
  1925	4.62744 5.37256
  1926	4.62744 5.37256
  1927	4.62744 5.37256
  1928	4.62743 5.37257
  1929	4.62743 5.37257
  1930	4.62743 5.37257
  1931	4.62743 5.37257
  1932	4.62743 5.37257
  1933	4.62743 5.37257
  1934	4.62743 5.37258
  1935	4.62742 5.37258
  1936	4.62742 5.37258
  1937	4.62742 5.37258
  1938	4.62742 5.37258
  1939	4.62742 5.37258
  1940	4.62742 5.37259
  1941	4.62741 5.37259
  1942	4.62741 5.37259
  1943	4.62741 5.37259
  1944	4.62741 5.37259
  1945	4.62741 5.37259
  1946	4.62741 5.3726
  1947	4.6274 5.3726
  1948	4.6274 5.3726
  1949	4.6274 5.3726
  1950	4.6274 5.3726
  1951	4.6274 5.3726
  1952	4.6274 5.37261
  1953	4.62739 5.37261
  1954	4.62739 5.37261
  1955	4.62739 5.37261
  1956	4.62739 5.37261
  1957	4.62739 5.37261
  1958	4.62739 5.37261
  1959	4.62738 5.37262
  1960	4.62738 5.37262
  1961	4.62738 5.37262
  1962	4.62738 5.37262
  1963	4.62738 5.37262
  1964	4.62738 5.37262
  1965	4.62737 5.37263
  1966	4.62737 5.37263
  1967	4.62737 5.37263
  1968	4.62737 5.37263
  1969	4.62737 5.37263
  1970	4.62737 5.37263
  1971	4.62736 5.37264
  1972	4.62736 5.37264
  1973	4.62736 5.37264
  1974	4.62736 5.37264
  1975	4.62736 5.37264
  1976	4.62736 5.37264
  1977	4.62736 5.37265
  1978	4.62735 5.37265
  1979	4.62735 5.37265
  1980	4.62735 5.37265
  1981	4.62735 5.37265
  1982	4.62735 5.37265
  1983	4.62735 5.37266
  1984	4.62734 5.37266
  1985	4.62734 5.37266
  1986	4.62734 5.37266
  1987	4.62734 5.37266
  1988	4.62734 5.37266
  1989	4.62734 5.37266
  1990	4.62733 5.37267
  1991	4.62733 5.37267
  1992	4.62733 5.37267
  1993	4.62733 5.37267
  1994	4.62733 5.37267
  1995	4.62733 5.37267
  1996	4.62733 5.37268
  1997	4.62732 5.37268
  1998	4.62732 5.37268
  1999	4.62732 5.37268
  2000	4.62732 5.37268
